,time,rtt,queue_delay,packet_loss,server_sending_rate,delivery_rate
0,1639576429,82.0,0.0,0.0,0.0,0.0
1,1639576429,144.0,0.0,0.0,0.0,0.0
2,1639576429,190.0,0.0,0.0,0.0,0.0
3,1639576429,156.0,0.0,0.0,0.0,0.0
4,1639576429,201.0,0.0,0.0,0.0,0.0
5,1639576429,162.0,0.0,0.0,0.0,0.0
6,1639576429,120.0,0.0,0.0,0.0,0.0
7,1639576429,121.0,0.0,0.0,0.0,0.0
8,1639576429,133.0,0.0,0.0,0.0,0.0
9,1639576429,137.0,0.0,0.0,0.0,0.0
10,1639576429,145.0,0.0,0.0,0.0,0.0
11,1639576429,158.0,0.0,0.0,0.0,0.0
12,1639576430,153.0,0.0,0.0,0.0,0.0
13,1639576430,187.0,0.0,0.0,0.0,0.0
14,1639576430,189.0,0.0,0.0,0.0,0.0
15,1639576430,209.0,0.0,0.0,0.0,0.0
16,1639576430,253.0,0.0,0.0,13.643936,0.0
17,1639576430,297.0,0.0,0.0,13.643936,11.92
18,1639576430,287.0,0.0,0.0,13.643936,11.92
19,1639576430,322.0,0.0,0.0,13.643936,11.92
20,1639576430,354.0,0.0,0.0,13.643936,11.92
21,1639576430,368.0,0.0,0.0,13.643936,11.92
22,1639576430,363.0,0.0,0.0,13.643936,11.92
23,1639576430,358.0,0.0,0.0,13.643936,11.92
24,1639576430,364.0,0.0,0.0,13.643936,11.92
25,1639576430,356.0,0.0,0.0,13.643936,11.92
26,1639576430,338.0,0.0,0.0,13.643936,11.92
27,1639576430,336.0,0.0,0.0,13.643936,11.92
28,1639576430,339.0,0.0,0.0,13.643936,11.92
29,1639576431,325.0,0.0,0.0,13.643936,11.92
30,1639576431,318.0,0.0,0.0,13.643936,11.92
31,1639576431,313.0,0.0,0.0,13.643936,11.92
32,1639576431,303.0,0.0,0.0,13.643936,11.92
33,1639576431,274.0,0.0,0.0,6.452928,11.92
34,1639576431,269.0,0.0,0.0,6.452928,11.92
35,1639576431,279.0,0.0,0.0,6.452928,6.61
36,1639576431,280.0,0.0,0.0,6.452928,6.61
37,1639576431,285.0,0.0,0.0,6.452928,6.61
38,1639576431,296.0,0.0,0.0,6.452928,6.61
39,1639576431,314.0,0.0,0.0,6.452928,6.61
40,1639576431,309.0,0.0,0.0,6.452928,6.61
41,1639576431,297.0,0.0,0.0,6.452928,6.61
42,1639576431,292.0,0.0,0.0,6.452928,6.61
43,1639576431,296.0,0.0,0.0,6.452928,6.61
44,1639576431,302.0,0.0,0.0,6.452928,6.61
45,1639576431,329.0,0.0,0.0,6.452928,6.61
46,1639576432,338.0,0.0,0.0,6.452928,6.61
47,1639576432,356.0,0.0,0.0,6.452928,6.61
48,1639576432,384.0,0.0,0.0,6.452928,6.61
49,1639576432,403.0,0.0,0.0,6.452928,6.61
50,1639576432,419.0,0.0,0.0,6.452928,6.61
51,1639576432,439.0,0.0,0.0,6.64272,6.61
52,1639576432,451.0,0.0,0.0,6.64272,6.16
53,1639576432,448.0,0.0,0.0,6.64272,6.16
54,1639576432,476.0,0.0,0.0,6.64272,6.16
55,1639576432,515.0,0.0,0.0,6.64272,6.16
56,1639576432,560.0,0.0,0.0,6.64272,6.16
57,1639576432,610.0,0.0,0.0,6.64272,6.16
58,1639576432,665.0,0.0,0.0,6.64272,6.16
59,1639576432,705.0,0.0,0.0,6.64272,6.16
60,1639576432,754.0,0.0,0.0,6.64272,6.16
61,1639576433,821.0,0.0,0.0,6.64272,6.16
62,1639576433,859.0,0.0,0.0,6.64272,6.16
63,1639576433,905.0,0.0,0.0,6.64272,6.16
64,1639576433,962.0,0.0,0.0,3.047216,6.16
65,1639576433,1011.0,0.0,0.0,3.047216,2.62
66,1639576433,1054.0,0.0,0.0,3.047216,2.62
67,1639576433,1080.0,0.0,0.0,3.047216,2.62
68,1639576433,1056.0,0.0,0.0,3.047216,2.62
69,1639576433,1078.0,0.0,0.0,3.047216,2.62
70,1639576433,1046.0,0.0,0.0,3.047216,2.62
71,1639576433,1043.0,0.0,0.0,3.047216,2.62
72,1639576433,1051.0,0.0,0.0,3.047216,2.62
73,1639576434,1052.0,0.0,0.0,3.047216,2.62
74,1639576434,1079.0,0.0,0.0,3.047216,2.62
75,1639576434,1081.0,0.0,0.0,3.047216,2.62
76,1639576434,1114.0,0.0,0.0,3.047216,2.62
77,1639576434,1123.0,0.0,0.0,2.31968,2.62
78,1639576434,1139.0,0.0,0.0,2.31968,2.2
79,1639576434,1208.0,0.0,0.0,2.31968,2.2
80,1639576434,1248.0,0.0,0.0,2.31968,2.2
81,1639576434,1256.0,0.0,0.0,2.31968,2.2
82,1639576434,1252.0,0.0,0.0,2.31968,2.2
83,1639576434,1280.0,0.0,0.0,2.31968,2.2
84,1639576434,1296.0,0.0,0.0,2.31968,2.2
85,1639576434,1302.0,0.0,0.0,2.31968,2.2
86,1639576435,1314.0,0.0,0.0,2.31968,2.2
87,1639576435,1349.0,0.0,0.0,2.31968,2.2
88,1639576435,1357.0,0.0,0.0,2.31968,2.2
89,1639576435,1370.0,0.0,0.0,1.834656,2.2
90,1639576435,1392.0,0.0,0.0,1.834656,1.83
91,1639576435,1376.0,0.0,0.0,1.834656,1.83
92,1639576435,1385.0,0.0,0.0,1.834656,1.83
93,1639576435,1367.0,0.0,0.0,1.834656,1.83
94,1639576435,1388.0,0.0,0.0,1.834656,1.83
95,1639576435,1308.0,0.0,0.0,1.834656,1.83
96,1639576435,1314.0,0.0,0.0,1.834656,1.83
97,1639576435,1330.0,0.0,0.0,1.834656,1.83
98,1639576436,1346.0,0.0,0.0,1.834656,1.83
99,1639576436,1350.0,0.0,0.0,1.834656,1.83
100,1639576436,1319.0,0.0,0.0,1.834656,1.83
101,1639576436,1351.0,0.0,0.0,1.834656,1.83
102,1639576436,1352.0,0.0,0.0,1.940096,1.83
103,1639576436,1356.0,0.0,0.0,1.940096,1.83
104,1639576436,1378.0,0.0,0.0,1.940096,1.86
105,1639576436,1389.0,0.0,0.0,1.940096,1.86
106,1639576436,1423.0,0.0,0.0,1.940096,1.86
107,1639576436,1402.0,0.0,0.0,1.940096,1.86
108,1639576436,1428.0,0.0,0.0,1.940096,1.86
109,1639576436,1437.0,0.0,0.0,1.940096,1.86
110,1639576436,1413.0,0.0,0.0,1.940096,1.86
111,1639576436,1463.0,0.0,0.0,1.940096,1.86
112,1639576437,1453.0,0.0,0.0,1.940096,1.86
113,1639576437,1475.0,0.0,0.0,1.940096,1.86
114,1639576437,1487.0,0.0,0.0,1.940096,1.86
115,1639576437,1495.0,0.0,0.0,1.940096,1.86
116,1639576437,1469.0,0.0,0.0,1.73976,1.86
117,1639576437,1496.0,0.0,0.0,1.73976,1.72
118,1639576437,1486.0,0.0,0.0,1.73976,1.72
119,1639576437,1523.0,0.0,0.0,1.73976,1.72
120,1639576437,1519.0,0.0,0.0,1.73976,1.72
121,1639576437,1520.0,0.0,0.0,1.73976,1.72
122,1639576437,1527.0,0.0,0.0,1.73976,1.72
123,1639576437,1542.0,0.0,0.0,1.73976,1.72
124,1639576437,1549.0,0.0,0.0,1.73976,1.72
125,1639576437,1560.0,0.0,0.0,1.73976,1.72
126,1639576437,1569.0,0.0,0.0,1.73976,1.72
127,1639576438,1561.0,0.0,0.0,1.73976,1.72
128,1639576438,1579.0,0.0,0.0,1.73976,1.72
129,1639576438,1572.0,0.0,0.0,1.73976,1.72
130,1639576438,1591.0,0.0,0.0,1.73976,1.72
131,1639576438,1599.0,0.0,0.0,1.613232,1.56
132,1639576438,1608.0,0.0,0.0,1.613232,1.56
133,1639576438,1594.0,0.0,0.0,1.613232,1.56
134,1639576438,1606.0,0.0,0.0,1.613232,1.56
135,1639576438,1629.0,0.0,0.0,1.613232,1.56
136,1639576438,1609.0,0.0,0.0,1.613232,1.56
137,1639576438,1611.0,0.0,0.0,1.613232,1.56
138,1639576438,1612.0,0.0,0.0,1.613232,1.56
139,1639576438,1631.0,0.0,0.0,1.613232,1.56
140,1639576438,1651.0,0.0,0.0,1.613232,1.56
141,1639576439,1636.0,0.0,0.0,1.613232,1.56
142,1639576439,1620.0,0.0,0.0,1.613232,1.56
143,1639576439,1630.0,0.0,0.0,1.613232,1.56
144,1639576439,1608.0,0.0,0.0,1.613232,1.56
145,1639576439,1636.0,0.0,0.0,1.63432,1.56
146,1639576439,1632.0,0.0,0.0,1.63432,1.64
147,1639576439,1838.0,0.0,0.0,1.63432,1.64
148,1639576439,1906.0,0.0,0.0,1.63432,1.64
149,1639576439,1852.0,0.0,0.0,1.63432,1.64
150,1639576440,1818.0,0.0,0.0,1.63432,1.64
151,1639576440,1788.0,0.0,0.0,1.63432,1.64
152,1639576440,1770.0,0.0,0.0,1.63432,1.64
153,1639576440,1777.0,0.0,0.0,1.63432,1.64
154,1639576440,1804.0,0.0,0.0,1.63432,1.64
155,1639576440,1812.0,0.0,0.0,1.26528,1.64
156,1639576440,1757.0,0.0,0.0,1.26528,1.3
157,1639576440,1746.0,0.0,0.0,1.26528,1.3
158,1639576440,1687.0,0.0,0.0,1.26528,1.3
159,1639576440,1682.0,0.0,0.0,1.26528,1.3
160,1639576440,1660.0,0.0,0.0,1.26528,1.3
161,1639576440,1601.0,0.0,0.0,1.26528,1.3
162,1639576440,1612.0,0.0,0.0,1.26528,1.3
163,1639576441,1619.0,0.0,0.0,1.26528,1.3
164,1639576441,1284.0,0.0,0.0,1.26528,1.3
165,1639576441,1267.0,0.0,0.0,1.26528,1.3
166,1639576441,1267.0,0.0,0.0,1.26528,1.3
167,1639576441,1243.0,0.0,0.0,2.21424,1.3
168,1639576441,1168.0,0.0,0.0,2.21424,2.25
169,1639576441,1136.0,0.0,0.0,2.21424,2.25
170,1639576441,1132.0,0.0,0.0,2.21424,2.25
171,1639576441,1147.0,0.0,0.0,2.21424,2.25
172,1639576441,1116.0,0.0,0.0,2.21424,2.25
173,1639576441,1128.0,0.0,0.0,2.21424,2.25
174,1639576441,1119.0,0.0,0.0,2.21424,2.25
175,1639576441,1103.0,0.0,0.0,2.21424,2.25
176,1639576442,1087.0,0.0,0.0,2.21424,2.25
177,1639576442,1103.0,0.0,0.0,2.21424,2.25
178,1639576442,1091.0,0.0,0.0,2.21424,2.25
179,1639576442,1069.0,0.0,0.0,2.21424,2.25
180,1639576442,1069.0,0.0,0.0,2.435664,2.25
181,1639576442,1055.0,0.0,0.0,2.435664,2.43
182,1639576442,1069.0,0.0,0.0,2.435664,2.43
183,1639576442,1015.0,0.0,0.0,2.435664,2.43
184,1639576442,1027.0,0.0,0.0,2.435664,2.43
185,1639576442,1055.0,0.0,0.0,2.435664,2.43
186,1639576442,1051.0,0.0,0.0,2.435664,2.43
187,1639576442,1020.0,0.0,0.0,2.435664,2.43
188,1639576442,1013.0,0.0,0.0,2.435664,2.43
189,1639576443,1029.0,0.0,0.0,2.435664,2.43
190,1639576443,983.0,0.0,0.0,2.435664,2.43
191,1639576443,950.0,0.0,0.0,2.435664,2.43
192,1639576443,999.0,0.0,0.0,2.435664,2.43
193,1639576443,968.0,0.0,0.0,2.572736,2.43
194,1639576443,940.0,0.0,0.0,2.572736,2.66
195,1639576443,953.0,0.0,0.0,2.572736,2.66
196,1639576443,927.0,0.0,0.0,2.572736,2.66
197,1639576443,900.0,0.0,0.0,2.572736,2.66
198,1639576443,903.0,0.0,0.0,2.572736,2.66
199,1639576443,877.0,0.0,0.0,2.572736,2.66
200,1639576443,899.0,0.0,0.0,2.572736,2.66
201,1639576443,892.0,0.0,0.0,2.572736,2.66
202,1639576444,883.0,0.0,0.0,2.572736,2.66
203,1639576444,901.0,0.0,0.0,2.572736,2.66
204,1639576444,875.0,0.0,0.0,2.572736,2.66
205,1639576444,863.0,0.0,0.0,2.572736,2.66
206,1639576444,874.0,0.0,0.0,2.572736,2.66
207,1639576444,864.0,0.0,0.0,2.931232,2.66
208,1639576444,872.0,0.0,0.0,2.931232,2.9
209,1639576444,865.0,0.0,0.0,2.931232,2.9
210,1639576444,847.0,0.0,0.0,2.931232,2.9
211,1639576444,860.0,0.0,0.0,2.931232,2.9
212,1639576444,846.0,0.0,0.0,2.931232,2.9
213,1639576444,849.0,0.0,0.0,2.931232,2.9
214,1639576444,846.0,0.0,0.0,2.931232,2.9
215,1639576444,843.0,0.0,0.0,2.931232,2.9
216,1639576444,830.0,0.0,0.0,2.931232,2.9
217,1639576445,836.0,0.0,0.0,2.931232,2.9
218,1639576445,823.0,0.0,0.0,2.931232,2.9
219,1639576445,813.0,0.0,0.0,2.931232,2.9
220,1639576445,811.0,0.0,0.0,2.931232,2.9
221,1639576445,802.0,0.0,0.0,2.931232,2.9
222,1639576445,802.0,0.0,0.0,3.11048,2.9
223,1639576445,777.0,0.0,0.0,3.11048,3.19
224,1639576445,782.0,0.0,0.0,3.11048,3.19
225,1639576445,790.0,0.0,0.0,3.11048,3.19
226,1639576445,772.0,0.0,0.0,3.11048,3.19
227,1639576445,746.0,0.0,0.0,3.11048,3.19
228,1639576445,727.0,0.0,0.0,3.11048,3.19
229,1639576445,741.0,0.0,0.0,3.11048,3.19
230,1639576445,754.0,0.0,0.0,3.11048,3.19
231,1639576445,752.0,0.0,0.0,3.11048,3.19
232,1639576446,727.0,0.0,0.0,3.11048,3.19
233,1639576446,742.0,0.0,0.0,3.11048,3.19
234,1639576446,757.0,0.0,0.0,3.11048,3.19
235,1639576446,759.0,0.0,0.0,3.11048,3.19
236,1639576446,718.0,0.0,0.0,3.11048,3.19
237,1639576446,722.0,0.0,0.0,3.11048,3.19
238,1639576446,718.0,0.0,0.0,3.437344,3.19
239,1639576446,716.0,0.0,0.0,3.437344,3.4
240,1639576446,691.0,0.0,0.0,3.437344,3.4
241,1639576446,680.0,0.0,0.0,3.437344,3.4
242,1639576446,713.0,0.0,0.0,3.437344,3.4
243,1639576446,724.0,0.0,0.0,3.437344,3.4
244,1639576446,701.0,0.0,0.0,3.437344,3.4
245,1639576446,700.0,0.0,0.0,3.437344,3.4
246,1639576446,690.0,0.0,0.0,3.437344,3.4
247,1639576446,681.0,0.0,0.0,3.437344,3.4
248,1639576447,679.0,0.0,0.0,3.437344,3.4
249,1639576447,664.0,0.0,0.0,3.437344,3.4
250,1639576447,670.0,0.0,0.0,3.437344,3.4
251,1639576447,690.0,0.0,0.0,3.437344,3.4
252,1639576447,688.0,0.0,0.0,3.437344,3.4
253,1639576447,663.0,0.0,0.0,3.437344,3.4
254,1639576447,647.0,0.0,0.0,3.74312,3.71
255,1639576447,646.0,0.0,0.0,3.74312,3.71
256,1639576447,632.0,0.0,0.0,3.74312,3.71
257,1639576447,638.0,0.0,0.0,3.74312,3.71
258,1639576447,622.0,0.0,0.0,3.74312,3.71
259,1639576447,636.0,0.0,0.0,3.74312,3.71
260,1639576447,644.0,0.0,0.0,3.74312,3.71
261,1639576447,616.0,0.0,0.0,3.74312,3.71
262,1639576447,606.0,0.0,0.0,3.74312,3.71
263,1639576447,586.0,0.0,0.0,3.74312,3.71
264,1639576448,594.0,0.0,0.0,3.74312,3.71
265,1639576448,592.0,0.0,0.0,3.74312,3.71
266,1639576448,605.0,0.0,0.0,3.74312,3.71
267,1639576448,604.0,0.0,0.0,3.74312,3.71
268,1639576448,605.0,0.0,0.0,3.74312,3.71
269,1639576448,571.0,0.0,0.0,4.101616,3.71
270,1639576448,559.0,0.0,0.0,4.101616,4.15
271,1639576448,566.0,0.0,0.0,4.101616,4.15
272,1639576448,563.0,0.0,0.0,4.101616,4.15
273,1639576448,573.0,0.0,0.0,4.101616,4.15
274,1639576448,556.0,0.0,0.0,4.101616,4.15
275,1639576448,551.0,0.0,0.0,4.101616,4.15
276,1639576448,544.0,0.0,0.0,4.101616,4.15
277,1639576448,554.0,0.0,0.0,4.101616,4.15
278,1639576448,556.0,0.0,0.0,4.101616,4.15
279,1639576449,557.0,0.0,0.0,4.101616,4.15
280,1639576449,565.0,0.0,0.0,4.101616,4.15
281,1639576449,543.0,0.0,0.0,4.101616,4.15
282,1639576449,546.0,0.0,0.0,4.101616,4.15
283,1639576449,550.0,0.0,0.0,4.101616,4.15
284,1639576449,551.0,0.0,0.0,4.101616,4.15
285,1639576449,551.0,0.0,0.0,4.555008,4.15
286,1639576449,546.0,0.0,0.0,4.555008,4.47
287,1639576449,539.0,0.0,0.0,4.555008,4.47
288,1639576449,534.0,0.0,0.0,4.555008,4.47
289,1639576449,541.0,0.0,0.0,4.555008,4.47
290,1639576449,539.0,0.0,0.0,4.555008,4.47
291,1639576449,542.0,0.0,0.0,4.555008,4.47
292,1639576449,537.0,0.0,0.0,4.555008,4.47
293,1639576449,534.0,0.0,0.0,4.555008,4.47
294,1639576449,541.0,0.0,0.0,4.555008,4.47
295,1639576450,569.0,0.0,0.0,4.555008,4.47
296,1639576450,544.0,0.0,0.0,4.555008,4.47
297,1639576450,616.0,0.0,0.0,4.555008,4.47
298,1639576450,718.0,0.0,0.0,4.555008,4.47
299,1639576450,737.0,0.0,0.0,3.996176,3.66
300,1639576450,765.0,0.0,0.0,3.996176,3.66
301,1639576450,811.0,0.0,0.0,3.996176,3.66
302,1639576450,835.0,0.0,0.0,3.996176,3.66
303,1639576450,901.0,0.0,0.0,3.996176,3.66
304,1639576450,970.0,0.0,0.0,3.996176,3.66
305,1639576450,1014.0,0.0,0.0,3.996176,3.66
306,1639576451,1050.0,0.0,0.0,3.996176,3.66
307,1639576451,1083.0,0.0,0.0,3.996176,3.66
308,1639576451,1146.0,0.0,0.0,3.996176,3.66
309,1639576451,1173.0,0.0,0.0,3.996176,3.66
310,1639576451,1213.0,0.0,0.0,3.996176,3.66
311,1639576451,1265.0,0.0,0.0,3.996176,3.66
312,1639576451,1203.0,0.0,0.0,2.393488,2.33
313,1639576451,1105.0,0.0,0.0,2.393488,2.33
314,1639576451,1102.0,0.0,0.0,2.393488,2.33
315,1639576451,1092.0,0.0,0.0,2.393488,2.33
316,1639576451,1110.0,0.0,0.0,2.393488,2.33
317,1639576451,1064.0,0.0,0.0,2.393488,2.33
318,1639576451,1010.0,0.0,0.0,2.393488,2.33
319,1639576451,985.0,0.0,0.0,2.393488,2.33
320,1639576452,932.0,0.0,0.0,2.393488,2.33
321,1639576452,954.0,0.0,0.0,2.393488,2.33
322,1639576452,918.0,0.0,0.0,2.393488,2.33
323,1639576452,897.0,0.0,0.0,2.393488,2.33
324,1639576452,911.0,0.0,0.0,2.393488,2.33
325,1639576452,902.0,0.0,0.0,2.393488,2.33
326,1639576452,884.0,0.0,0.0,2.393488,2.33
327,1639576452,886.0,0.0,0.0,2.962864,2.93
328,1639576452,871.0,0.0,0.0,2.962864,2.93
329,1639576452,862.0,0.0,0.0,2.962864,2.93
330,1639576452,862.0,0.0,0.0,2.962864,2.93
331,1639576452,862.0,0.0,0.0,2.962864,2.93
332,1639576452,852.0,0.0,0.0,2.962864,2.93
333,1639576452,865.0,0.0,0.0,2.962864,2.93
334,1639576452,831.0,0.0,0.0,2.962864,2.93
335,1639576452,830.0,0.0,0.0,2.962864,2.93
336,1639576453,830.0,0.0,0.0,2.962864,2.93
337,1639576453,827.0,0.0,0.0,2.962864,2.93
338,1639576453,805.0,0.0,0.0,2.962864,2.93
339,1639576453,794.0,0.0,0.0,2.962864,2.93
340,1639576453,771.0,0.0,0.0,2.962864,2.93
341,1639576453,769.0,0.0,0.0,2.962864,2.93
342,1639576453,782.0,0.0,0.0,2.962864,2.93
343,1639576453,765.0,0.0,0.0,3.352992,3.34
344,1639576453,760.0,0.0,0.0,3.352992,3.34
345,1639576453,747.0,0.0,0.0,3.352992,3.34
346,1639576453,748.0,0.0,0.0,3.352992,3.34
347,1639576453,740.0,0.0,0.0,3.352992,3.34
348,1639576453,729.0,0.0,0.0,3.352992,3.34
349,1639576453,716.0,0.0,0.0,3.352992,3.34
350,1639576453,712.0,0.0,0.0,3.352992,3.34
351,1639576453,713.0,0.0,0.0,3.352992,3.34
352,1639576454,708.0,0.0,0.0,3.352992,3.34
353,1639576454,692.0,0.0,0.0,3.352992,3.34
354,1639576454,670.0,0.0,0.0,3.352992,3.34
355,1639576454,652.0,0.0,0.0,3.352992,3.34
356,1639576454,642.0,0.0,0.0,3.352992,3.34
357,1639576454,635.0,0.0,0.0,3.352992,3.34
358,1639576454,639.0,0.0,0.0,3.352992,3.34
359,1639576454,642.0,0.0,0.0,3.985632,3.98
360,1639576454,634.0,0.0,0.0,3.985632,3.98
361,1639576454,648.0,0.0,0.0,3.985632,3.98
362,1639576454,649.0,0.0,0.0,3.985632,3.98
363,1639576454,658.0,0.0,0.0,3.985632,3.98
364,1639576454,664.0,0.0,0.0,3.985632,3.98
365,1639576454,667.0,0.0,0.0,3.985632,3.98
366,1639576455,669.0,0.0,0.0,3.985632,3.98
367,1639576455,658.0,0.0,0.0,3.985632,3.98
368,1639576455,668.0,0.0,0.0,3.985632,3.98
369,1639576455,675.0,0.0,0.0,3.985632,3.98
370,1639576455,659.0,0.0,0.0,3.985632,3.98
371,1639576455,668.0,0.0,0.0,3.985632,3.98
372,1639576455,665.0,0.0,0.0,3.880192,3.86
373,1639576455,669.0,0.0,0.0,3.880192,3.86
374,1639576455,663.0,0.0,0.0,3.880192,3.86
375,1639576455,646.0,0.0,0.0,3.880192,3.86
376,1639576455,662.0,0.0,0.0,3.880192,3.86
377,1639576455,643.0,0.0,0.0,3.880192,3.86
378,1639576455,629.0,0.0,0.0,3.880192,3.86
379,1639576455,632.0,0.0,0.0,3.880192,3.86
380,1639576456,621.0,0.0,0.0,3.880192,3.86
381,1639576456,624.0,0.0,0.0,3.880192,3.86
382,1639576456,620.0,0.0,0.0,3.880192,3.86
383,1639576456,611.0,0.0,0.0,3.880192,3.86
384,1639576456,603.0,0.0,0.0,3.880192,3.86
385,1639576456,605.0,0.0,0.0,3.880192,3.86
386,1639576456,616.0,0.0,0.0,3.880192,3.86
387,1639576456,624.0,0.0,0.0,4.301952,4.27
388,1639576456,623.0,0.0,0.0,4.301952,4.27
389,1639576456,606.0,0.0,0.0,4.301952,4.27
390,1639576456,613.0,0.0,0.0,4.301952,4.27
391,1639576456,617.0,0.0,0.0,4.301952,4.27
392,1639576456,620.0,0.0,0.0,4.301952,4.27
393,1639576456,624.0,0.0,0.0,4.301952,4.27
394,1639576456,615.0,0.0,0.0,4.301952,4.27
395,1639576456,626.0,0.0,0.0,4.301952,4.27
396,1639576457,603.0,0.0,0.0,4.301952,4.27
397,1639576457,588.0,0.0,0.0,4.301952,4.27
398,1639576457,587.0,0.0,0.0,4.301952,4.27
399,1639576457,610.0,0.0,0.0,4.301952,4.27
400,1639576457,602.0,0.0,0.0,4.301952,4.27
401,1639576457,595.0,0.0,0.0,4.301952,4.27
402,1639576457,585.0,0.0,0.0,4.301952,4.27
403,1639576457,589.0,0.0,0.0,4.396848,4.37
404,1639576457,600.0,0.0,0.0,4.396848,4.37
405,1639576457,599.0,0.0,0.0,4.396848,4.37
406,1639576457,606.0,0.0,0.0,4.396848,4.37
407,1639576457,609.0,0.0,0.0,4.396848,4.37
408,1639576457,602.0,0.0,0.0,4.396848,4.37
409,1639576457,601.0,0.0,0.0,4.396848,4.37
410,1639576457,610.0,0.0,0.0,4.396848,4.37
411,1639576458,611.0,0.0,0.0,4.396848,4.37
412,1639576458,608.0,0.0,0.0,4.396848,4.37
413,1639576458,607.0,0.0,0.0,4.396848,4.37
414,1639576458,607.0,0.0,0.0,4.396848,4.37
415,1639576458,609.0,0.0,0.0,4.396848,4.37
416,1639576458,627.0,0.0,0.0,4.396848,4.37
417,1639576458,624.0,0.0,0.0,4.396848,4.37
418,1639576458,619.0,0.0,0.0,4.196512,4.2
419,1639576458,635.0,0.0,0.0,4.196512,4.2
420,1639576458,653.0,0.0,0.0,4.196512,4.2
421,1639576458,649.0,0.0,0.0,4.196512,4.2
422,1639576458,660.0,0.0,0.0,4.196512,4.2
423,1639576458,651.0,0.0,0.0,4.196512,4.2
424,1639576458,664.0,0.0,0.0,4.196512,4.2
425,1639576459,646.0,0.0,0.0,4.196512,4.2
426,1639576459,653.0,0.0,0.0,4.196512,4.2
427,1639576459,668.0,0.0,0.0,4.196512,4.2
428,1639576459,662.0,0.0,0.0,4.196512,4.2
429,1639576459,663.0,0.0,0.0,4.196512,4.2
430,1639576459,669.0,0.0,0.0,4.196512,4.2
431,1639576459,664.0,0.0,0.0,4.017264,3.98
432,1639576459,658.0,0.0,0.0,4.017264,3.98
433,1639576459,662.0,0.0,0.0,4.017264,3.98
434,1639576459,673.0,0.0,0.0,4.017264,3.98
435,1639576459,669.0,0.0,0.0,4.017264,3.98
436,1639576459,684.0,0.0,0.0,4.017264,3.98
437,1639576459,684.0,0.0,0.0,4.017264,3.98
438,1639576460,689.0,0.0,0.0,4.017264,3.98
439,1639576460,686.0,0.0,0.0,4.017264,3.98
440,1639576460,683.0,0.0,0.0,4.017264,3.98
441,1639576460,680.0,0.0,0.0,4.017264,3.98
442,1639576460,697.0,0.0,0.0,4.017264,3.98
443,1639576460,694.0,0.0,0.0,4.017264,3.98
444,1639576460,695.0,0.0,0.0,4.017264,3.98
445,1639576460,737.0,0.0,0.0,3.816928,3.69
446,1639576460,763.0,0.0,0.0,3.816928,3.69
447,1639576460,833.0,0.0,0.0,3.816928,3.69
448,1639576460,827.0,0.0,0.0,3.816928,3.69
449,1639576460,833.0,0.0,0.0,3.816928,3.69
450,1639576460,837.0,0.0,0.0,3.816928,3.69
451,1639576460,837.0,0.0,0.0,3.816928,3.69
452,1639576460,819.0,0.0,0.0,3.816928,3.69
453,1639576461,813.0,0.0,0.0,3.816928,3.69
454,1639576461,793.0,0.0,0.0,3.816928,3.69
455,1639576461,808.0,0.0,0.0,3.816928,3.69
456,1639576461,805.0,0.0,0.0,3.816928,3.69
457,1639576461,620.0,0.0,0.0,3.816928,3.69
458,1639576461,598.0,0.0,0.0,3.816928,3.69
459,1639576461,605.0,0.0,0.0,3.816928,3.69
460,1639576461,615.0,0.0,0.0,3.563872,3.69
461,1639576461,592.0,0.0,0.0,3.563872,3.69
462,1639576461,562.0,0.0,0.0,3.563872,3.69
463,1639576461,581.0,0.0,0.0,3.563872,3.69
464,1639576461,596.0,0.0,0.0,3.563872,3.69
465,1639576461,562.0,0.0,0.0,3.563872,3.69
466,1639576461,561.0,0.0,0.0,3.563872,3.69
467,1639576461,582.0,0.0,0.0,3.563872,3.69
468,1639576462,570.0,0.0,0.0,3.563872,3.69
469,1639576462,558.0,0.0,0.0,3.563872,3.69
470,1639576462,557.0,0.0,0.0,3.563872,3.69
471,1639576462,538.0,0.0,0.0,3.563872,3.69
472,1639576462,527.0,0.0,0.0,3.563872,3.69
473,1639576462,528.0,0.0,0.0,3.563872,3.69
474,1639576462,534.0,0.0,0.0,3.563872,3.69
475,1639576462,519.0,0.0,0.0,3.563872,3.69
476,1639576462,509.0,0.0,0.0,4.818608,4.79
477,1639576462,529.0,0.0,0.0,4.818608,4.79
478,1639576462,528.0,0.0,0.0,4.818608,4.79
479,1639576462,522.0,0.0,0.0,4.818608,4.79
480,1639576462,513.0,0.0,0.0,4.818608,4.79
481,1639576462,515.0,0.0,0.0,4.818608,4.79
482,1639576462,505.0,0.0,0.0,4.818608,4.79
483,1639576462,535.0,0.0,0.0,4.818608,4.79
484,1639576462,528.0,0.0,0.0,4.818608,4.79
485,1639576463,527.0,0.0,0.0,4.818608,4.79
486,1639576463,519.0,0.0,0.0,4.818608,4.79
487,1639576463,520.0,0.0,0.0,4.818608,4.79
488,1639576463,515.0,0.0,0.0,4.818608,4.79
489,1639576463,528.0,0.0,0.0,4.818608,4.79
490,1639576463,532.0,0.0,0.0,4.818608,4.79
491,1639576463,515.0,0.0,0.0,4.818608,4.79
492,1639576463,516.0,0.0,0.0,4.976768,4.98
493,1639576463,522.0,0.0,0.0,4.976768,4.98
494,1639576463,546.0,0.0,0.0,4.976768,4.98
495,1639576463,545.0,0.0,0.0,4.976768,4.98
496,1639576463,543.0,0.0,0.0,4.976768,4.98
497,1639576463,557.0,0.0,0.0,4.976768,4.98
498,1639576463,544.0,0.0,0.0,4.976768,4.98
499,1639576463,540.0,0.0,0.0,4.976768,4.98
500,1639576463,557.0,0.0,0.0,4.976768,4.98
501,1639576464,556.0,0.0,0.0,4.976768,4.98
502,1639576464,546.0,0.0,0.0,4.976768,4.98
503,1639576464,532.0,0.0,0.0,4.976768,4.98
504,1639576464,537.0,0.0,0.0,4.976768,4.98
505,1639576464,534.0,0.0,0.0,4.976768,4.98
506,1639576464,518.0,0.0,0.0,4.976768,4.98
507,1639576464,505.0,0.0,0.0,4.976768,4.98
508,1639576464,489.0,0.0,0.0,4.976768,4.98
509,1639576464,474.0,0.0,0.0,4.966224,4.94
510,1639576464,471.0,0.0,0.0,4.966224,4.94
511,1639576464,492.0,0.0,0.0,4.966224,4.94
512,1639576464,477.0,0.0,0.0,4.966224,4.94
513,1639576464,484.0,0.0,0.0,4.966224,4.94
514,1639576464,479.0,0.0,0.0,4.966224,4.94
515,1639576464,474.0,0.0,0.0,4.966224,4.94
516,1639576464,481.0,0.0,0.0,4.966224,4.94
517,1639576464,495.0,0.0,0.0,4.966224,4.94
518,1639576465,502.0,0.0,0.0,4.966224,4.94
519,1639576465,475.0,0.0,0.0,4.966224,4.94
520,1639576465,488.0,0.0,0.0,4.966224,4.94
521,1639576465,495.0,0.0,0.0,4.966224,4.94
522,1639576465,487.0,0.0,0.0,4.966224,4.94
523,1639576465,481.0,0.0,0.0,4.966224,4.94
524,1639576465,482.0,0.0,0.0,4.966224,4.94
525,1639576465,474.0,0.0,0.0,5.32472,4.94
526,1639576465,498.0,0.0,0.0,5.32472,5.3
527,1639576465,499.0,0.0,0.0,5.32472,5.3
528,1639576465,494.0,0.0,0.0,5.32472,5.3
529,1639576465,482.0,0.0,0.0,5.32472,5.3
530,1639576465,487.0,0.0,0.0,5.32472,5.3
531,1639576465,493.0,0.0,0.0,5.32472,5.3
532,1639576465,477.0,0.0,0.0,5.32472,5.3
533,1639576466,461.0,0.0,0.0,5.32472,5.3
534,1639576466,472.0,0.0,0.0,5.32472,5.3
535,1639576466,488.0,0.0,0.0,5.32472,5.3
536,1639576466,478.0,0.0,0.0,5.32472,5.3
537,1639576466,473.0,0.0,0.0,5.32472,5.3
538,1639576466,466.0,0.0,0.0,5.32472,5.3
539,1639576466,457.0,0.0,0.0,5.32472,5.3
540,1639576466,460.0,0.0,0.0,5.32472,5.3
541,1639576466,450.0,0.0,0.0,5.514512,5.57
542,1639576466,445.0,0.0,0.0,5.514512,5.57
543,1639576466,445.0,0.0,0.0,5.514512,5.57
544,1639576466,432.0,0.0,0.0,5.514512,5.57
545,1639576466,445.0,0.0,0.0,5.514512,5.57
546,1639576466,442.0,0.0,0.0,5.514512,5.57
547,1639576466,462.0,0.0,0.0,5.514512,5.57
548,1639576466,450.0,0.0,0.0,5.514512,5.57
549,1639576467,446.0,0.0,0.0,5.514512,5.57
550,1639576467,451.0,0.0,0.0,5.514512,5.57
551,1639576467,464.0,0.0,0.0,5.514512,5.57
552,1639576467,472.0,0.0,0.0,5.514512,5.57
553,1639576467,474.0,0.0,0.0,5.514512,5.57
554,1639576467,477.0,0.0,0.0,5.514512,5.57
555,1639576467,487.0,0.0,0.0,5.514512,5.57
556,1639576467,493.0,0.0,0.0,5.5356,5.57
557,1639576467,493.0,0.0,0.0,5.5356,5.41
558,1639576467,487.0,0.0,0.0,5.5356,5.41
559,1639576467,498.0,0.0,0.0,5.5356,5.41
560,1639576467,511.0,0.0,0.0,5.5356,5.41
561,1639576467,512.0,0.0,0.0,5.5356,5.41
562,1639576467,517.0,0.0,0.0,5.5356,5.41
563,1639576467,503.0,0.0,0.0,5.5356,5.41
564,1639576468,516.0,0.0,0.0,5.5356,5.41
565,1639576468,503.0,0.0,0.0,5.5356,5.41
566,1639576468,497.0,0.0,0.0,5.5356,5.41
567,1639576468,503.0,0.0,0.0,5.5356,5.41
568,1639576468,499.0,0.0,0.0,5.5356,5.41
569,1639576468,493.0,0.0,0.0,5.5356,5.41
570,1639576468,487.0,0.0,0.0,5.5356,5.41
571,1639576468,479.0,0.0,0.0,5.5356,5.41
572,1639576468,484.0,0.0,0.0,5.5356,5.41
573,1639576468,475.0,0.0,0.0,5.282544,5.23
574,1639576468,489.0,0.0,0.0,5.282544,5.23
575,1639576468,506.0,0.0,0.0,5.282544,5.23
576,1639576468,485.0,0.0,0.0,5.282544,5.23
577,1639576468,485.0,0.0,0.0,5.282544,5.23
578,1639576468,487.0,0.0,0.0,5.282544,5.23
579,1639576468,492.0,0.0,0.0,5.282544,5.23
580,1639576468,504.0,0.0,0.0,5.282544,5.23
581,1639576468,510.0,0.0,0.0,5.282544,5.23
582,1639576469,510.0,0.0,0.0,5.282544,5.23
583,1639576469,508.0,0.0,0.0,5.282544,5.23
584,1639576469,510.0,0.0,0.0,5.282544,5.23
585,1639576469,500.0,0.0,0.0,5.282544,5.23
586,1639576469,503.0,0.0,0.0,5.282544,5.23
587,1639576469,508.0,0.0,0.0,5.282544,5.23
588,1639576469,512.0,0.0,0.0,5.282544,5.23
589,1639576469,505.0,0.0,0.0,5.282544,5.23
590,1639576469,506.0,0.0,0.0,5.124384,5.05
591,1639576469,492.0,0.0,0.0,5.124384,5.05
592,1639576469,473.0,0.0,0.0,5.124384,5.05
593,1639576469,469.0,0.0,0.0,5.124384,5.05
594,1639576469,473.0,0.0,0.0,5.124384,5.05
595,1639576469,465.0,0.0,0.0,5.124384,5.05
596,1639576469,455.0,0.0,0.0,5.124384,5.05
597,1639576469,481.0,0.0,0.0,5.124384,5.05
598,1639576470,432.0,0.0,0.0,5.124384,5.05
599,1639576470,442.0,0.0,0.0,5.124384,5.05
600,1639576470,451.0,0.0,0.0,5.124384,5.05
601,1639576470,466.0,0.0,0.0,5.124384,5.05
602,1639576470,453.0,0.0,0.0,5.124384,5.05
603,1639576470,447.0,0.0,0.0,5.124384,5.05
604,1639576470,461.0,0.0,0.0,5.124384,5.05
605,1639576470,466.0,0.0,0.0,5.124384,5.05
606,1639576470,478.0,0.0,0.0,5.124384,5.05
607,1639576470,465.0,0.0,0.0,5.714848,5.7
608,1639576470,465.0,0.0,0.0,5.714848,5.7
609,1639576470,461.0,0.0,0.0,5.714848,5.7
610,1639576470,519.0,0.0,0.0,5.714848,5.7
611,1639576470,571.0,0.0,0.0,5.714848,5.7
612,1639576470,601.0,0.0,0.0,5.714848,5.7
613,1639576470,648.0,0.0,0.0,5.714848,5.7
614,1639576471,666.0,0.0,0.0,5.714848,5.7
615,1639576471,671.0,0.0,0.0,5.714848,5.7
616,1639576471,653.0,0.0,0.0,5.714848,5.7
617,1639576471,670.0,0.0,0.0,5.714848,5.7
618,1639576471,694.0,0.0,0.0,5.714848,5.7
619,1639576471,688.0,0.0,0.0,5.714848,5.7
620,1639576471,725.0,0.0,0.0,5.714848,5.7
621,1639576471,711.0,0.0,0.0,5.714848,5.7
622,1639576471,636.0,0.0,0.0,5.714848,5.7
623,1639576471,514.0,0.0,0.0,4.133248,4.08
624,1639576471,518.0,0.0,0.0,4.133248,4.08
625,1639576471,532.0,0.0,0.0,4.133248,4.08
626,1639576471,518.0,0.0,0.0,4.133248,4.08
627,1639576471,518.0,0.0,0.0,4.133248,4.08
628,1639576471,533.0,0.0,0.0,4.133248,4.08
629,1639576471,519.0,0.0,0.0,4.133248,4.08
630,1639576471,507.0,0.0,0.0,4.133248,4.08
631,1639576472,523.0,0.0,0.0,4.133248,4.08
632,1639576472,540.0,0.0,0.0,4.133248,4.08
633,1639576472,530.0,0.0,0.0,4.133248,4.08
634,1639576472,528.0,0.0,0.0,4.133248,4.08
635,1639576472,514.0,0.0,0.0,4.133248,4.08
636,1639576472,539.0,0.0,0.0,4.133248,4.08
637,1639576472,544.0,0.0,0.0,4.133248,4.08
638,1639576472,553.0,0.0,0.0,4.133248,4.08
639,1639576472,542.0,0.0,0.0,4.924048,4.91
640,1639576472,528.0,0.0,0.0,4.924048,4.91
641,1639576472,531.0,0.0,0.0,4.924048,4.91
642,1639576472,529.0,0.0,0.0,4.924048,4.91
643,1639576472,535.0,0.0,0.0,4.924048,4.91
644,1639576472,535.0,0.0,0.0,4.924048,4.91
645,1639576472,542.0,0.0,0.0,4.924048,4.91
646,1639576472,534.0,0.0,0.0,4.924048,4.91
647,1639576473,521.0,0.0,0.0,4.924048,4.91
648,1639576473,538.0,0.0,0.0,4.924048,4.91
649,1639576473,542.0,0.0,0.0,4.924048,4.91
650,1639576473,530.0,0.0,0.0,4.924048,4.91
651,1639576473,526.0,0.0,0.0,4.924048,4.91
652,1639576473,533.0,0.0,0.0,4.924048,4.91
653,1639576473,524.0,0.0,0.0,4.924048,4.91
654,1639576473,522.0,0.0,0.0,4.924048,4.91
655,1639576473,528.0,0.0,0.0,4.924048,4.89
656,1639576473,544.0,0.0,0.0,4.924048,4.89
657,1639576473,549.0,0.0,0.0,4.924048,4.89
658,1639576473,556.0,0.0,0.0,4.924048,4.89
659,1639576473,565.0,0.0,0.0,4.924048,4.89
660,1639576473,565.0,0.0,0.0,4.924048,4.89
661,1639576473,541.0,0.0,0.0,4.924048,4.89
662,1639576474,539.0,0.0,0.0,4.924048,4.89
663,1639576474,536.0,0.0,0.0,4.924048,4.89
664,1639576474,543.0,0.0,0.0,4.924048,4.89
665,1639576474,531.0,0.0,0.0,4.924048,4.89
666,1639576474,535.0,0.0,0.0,4.924048,4.89
667,1639576474,529.0,0.0,0.0,4.924048,4.89
668,1639576474,508.0,0.0,0.0,4.924048,4.89
669,1639576474,507.0,0.0,0.0,4.924048,4.89
670,1639576474,524.0,0.0,0.0,4.924048,4.89
671,1639576474,522.0,0.0,0.0,4.871328,4.85
672,1639576474,513.0,0.0,0.0,4.871328,4.85
673,1639576474,520.0,0.0,0.0,4.871328,4.85
674,1639576474,520.0,0.0,0.0,4.871328,4.85
675,1639576474,516.0,0.0,0.0,4.871328,4.85
676,1639576474,518.0,0.0,0.0,4.871328,4.85
677,1639576474,507.0,0.0,0.0,4.871328,4.85
678,1639576474,508.0,0.0,0.0,4.871328,4.85
679,1639576475,492.0,0.0,0.0,4.871328,4.85
680,1639576475,503.0,0.0,0.0,4.871328,4.85
681,1639576475,489.0,0.0,0.0,4.871328,4.85
682,1639576475,505.0,0.0,0.0,4.871328,4.85
683,1639576475,510.0,0.0,0.0,4.871328,4.85
684,1639576475,511.0,0.0,0.0,4.871328,4.85
685,1639576475,501.0,0.0,0.0,4.871328,4.85
686,1639576475,505.0,0.0,0.0,4.871328,4.85
687,1639576475,512.0,0.0,0.0,4.871328,4.85
688,1639576475,502.0,0.0,0.0,5.103296,5.09
689,1639576475,516.0,0.0,0.0,5.103296,5.09
690,1639576475,502.0,0.0,0.0,5.103296,5.09
691,1639576475,491.0,0.0,0.0,5.103296,5.09
692,1639576475,487.0,0.0,0.0,5.103296,5.09
693,1639576475,500.0,0.0,0.0,5.103296,5.09
694,1639576475,481.0,0.0,0.0,5.103296,5.09
695,1639576476,482.0,0.0,0.0,5.103296,5.09
696,1639576476,490.0,0.0,0.0,5.103296,5.09
697,1639576476,486.0,0.0,0.0,5.103296,5.09
698,1639576476,492.0,0.0,0.0,5.103296,5.09
699,1639576476,505.0,0.0,0.0,5.103296,5.09
700,1639576476,501.0,0.0,0.0,5.103296,5.09
701,1639576476,484.0,0.0,0.0,5.103296,5.09
702,1639576476,502.0,0.0,0.0,5.103296,5.09
703,1639576476,505.0,0.0,0.0,5.103296,5.09
704,1639576476,514.0,0.0,0.0,5.261456,5.21
705,1639576476,507.0,0.0,0.0,5.261456,5.21
706,1639576476,524.0,0.0,0.0,5.261456,5.21
707,1639576476,530.0,0.0,0.0,5.261456,5.21
708,1639576476,524.0,0.0,0.0,5.261456,5.21
709,1639576476,531.0,0.0,0.0,5.261456,5.21
710,1639576476,524.0,0.0,0.0,5.261456,5.21
711,1639576477,527.0,0.0,0.0,5.261456,5.21
712,1639576477,526.0,0.0,0.0,5.261456,5.21
713,1639576477,541.0,0.0,0.0,5.261456,5.21
714,1639576477,558.0,0.0,0.0,5.261456,5.21
715,1639576477,543.0,0.0,0.0,5.261456,5.21
716,1639576477,524.0,0.0,0.0,5.261456,5.21
717,1639576477,532.0,0.0,0.0,5.261456,5.21
718,1639576477,554.0,0.0,0.0,5.261456,5.21
719,1639576477,566.0,0.0,0.0,4.734256,4.73
720,1639576477,556.0,0.0,0.0,4.734256,4.73
721,1639576477,556.0,0.0,0.0,4.734256,4.73
722,1639576477,549.0,0.0,0.0,4.734256,4.73
723,1639576477,539.0,0.0,0.0,4.734256,4.73
724,1639576477,546.0,0.0,0.0,4.734256,4.73
725,1639576477,555.0,0.0,0.0,4.734256,4.73
726,1639576478,544.0,0.0,0.0,4.734256,4.73
727,1639576478,568.0,0.0,0.0,4.734256,4.73
728,1639576478,559.0,0.0,0.0,4.734256,4.73
729,1639576478,568.0,0.0,0.0,4.734256,4.73
730,1639576478,564.0,0.0,0.0,4.734256,4.73
731,1639576478,546.0,0.0,0.0,4.734256,4.73
732,1639576478,548.0,0.0,0.0,4.734256,4.73
733,1639576478,536.0,0.0,0.0,4.734256,4.73
734,1639576478,528.0,0.0,0.0,4.734256,4.73
735,1639576478,547.0,0.0,0.0,4.765888,4.75
736,1639576478,546.0,0.0,0.0,4.765888,4.75
737,1639576478,534.0,0.0,0.0,4.765888,4.75
738,1639576478,526.0,0.0,0.0,4.765888,4.75
739,1639576478,531.0,0.0,0.0,4.765888,4.75
740,1639576478,515.0,0.0,0.0,4.765888,4.75
741,1639576478,513.0,0.0,0.0,4.765888,4.75
742,1639576479,518.0,0.0,0.0,4.765888,4.75
743,1639576479,517.0,0.0,0.0,4.765888,4.75
744,1639576479,505.0,0.0,0.0,4.765888,4.75
745,1639576479,518.0,0.0,0.0,4.765888,4.75
746,1639576479,515.0,0.0,0.0,4.765888,4.75
747,1639576479,506.0,0.0,0.0,4.765888,4.75
748,1639576479,511.0,0.0,0.0,4.765888,4.75
749,1639576479,529.0,0.0,0.0,4.765888,4.75
750,1639576479,522.0,0.0,0.0,4.765888,4.75
751,1639576479,506.0,0.0,0.0,5.06112,5.0
752,1639576479,514.0,0.0,0.0,5.06112,5.0
753,1639576479,509.0,0.0,0.0,5.06112,5.0
754,1639576479,494.0,0.0,0.0,5.06112,5.0
755,1639576479,489.0,0.0,0.0,5.06112,5.0
756,1639576479,491.0,0.0,0.0,5.06112,5.0
757,1639576479,471.0,0.0,0.0,5.06112,5.0
758,1639576479,468.0,0.0,0.0,5.06112,5.0
759,1639576480,471.0,0.0,0.0,5.06112,5.0
760,1639576480,470.0,0.0,0.0,5.06112,5.0
761,1639576480,475.0,0.0,0.0,5.06112,5.0
762,1639576480,468.0,0.0,0.0,5.06112,5.0
763,1639576480,487.0,0.0,0.0,5.06112,5.0
764,1639576480,481.0,0.0,0.0,5.06112,5.0
765,1639576480,484.0,0.0,0.0,5.06112,5.0
766,1639576480,498.0,0.0,0.0,5.06112,5.0
767,1639576480,507.0,0.0,0.0,5.398528,5.4
768,1639576480,488.0,0.0,0.0,5.398528,5.4
769,1639576480,484.0,0.0,0.0,5.398528,5.4
770,1639576480,501.0,0.0,0.0,5.398528,5.4
771,1639576480,515.0,0.0,0.0,5.398528,5.4
772,1639576480,509.0,0.0,0.0,5.398528,5.4
773,1639576480,505.0,0.0,0.0,5.398528,5.4
774,1639576481,549.0,0.0,0.0,5.398528,5.4
775,1639576481,597.0,0.0,0.0,5.398528,5.4
776,1639576481,646.0,0.0,0.0,5.398528,5.4
777,1639576481,677.0,0.0,0.0,5.398528,5.4
778,1639576481,691.0,0.0,0.0,5.398528,5.4
779,1639576481,682.0,0.0,0.0,5.398528,5.4
780,1639576481,686.0,0.0,0.0,5.398528,5.4
781,1639576481,672.0,0.0,0.0,5.398528,5.4
782,1639576481,693.0,0.0,0.0,4.238688,4.2
783,1639576481,704.0,0.0,0.0,4.238688,4.2
784,1639576481,713.0,0.0,0.0,4.238688,4.2
785,1639576481,539.0,0.0,0.0,4.238688,4.2
786,1639576481,508.0,0.0,0.0,4.238688,4.2
787,1639576481,499.0,0.0,0.0,4.238688,4.2
788,1639576481,501.0,0.0,0.0,4.238688,4.2
789,1639576482,496.0,0.0,0.0,4.238688,4.2
790,1639576482,487.0,0.0,0.0,4.238688,4.2
791,1639576482,474.0,0.0,0.0,4.238688,4.2
792,1639576482,475.0,0.0,0.0,4.238688,4.2
793,1639576482,467.0,0.0,0.0,4.238688,4.2
794,1639576482,467.0,0.0,0.0,4.238688,4.2
795,1639576482,461.0,0.0,0.0,4.238688,4.2
796,1639576482,463.0,0.0,0.0,4.238688,4.2
797,1639576482,448.0,0.0,0.0,4.238688,4.2
798,1639576482,438.0,0.0,0.0,4.238688,4.2
799,1639576482,427.0,0.0,0.0,5.567232,5.56
800,1639576482,429.0,0.0,0.0,5.567232,5.56
801,1639576482,430.0,0.0,0.0,5.567232,5.56
802,1639576482,442.0,0.0,0.0,5.567232,5.56
803,1639576482,441.0,0.0,0.0,5.567232,5.56
804,1639576482,445.0,0.0,0.0,5.567232,5.56
805,1639576483,452.0,0.0,0.0,5.567232,5.56
806,1639576483,454.0,0.0,0.0,5.567232,5.56
807,1639576483,463.0,0.0,0.0,5.567232,5.56
808,1639576483,447.0,0.0,0.0,5.567232,5.56
809,1639576483,441.0,0.0,0.0,5.567232,5.56
810,1639576483,440.0,0.0,0.0,5.567232,5.56
811,1639576483,446.0,0.0,0.0,5.567232,5.56
812,1639576483,438.0,0.0,0.0,5.567232,5.56
813,1639576483,459.0,0.0,0.0,5.567232,5.56
814,1639576483,454.0,0.0,0.0,5.567232,5.56
815,1639576483,454.0,0.0,0.0,5.704304,5.67
816,1639576483,452.0,0.0,0.0,5.704304,5.67
817,1639576483,463.0,0.0,0.0,5.704304,5.67
818,1639576483,456.0,0.0,0.0,5.704304,5.67
819,1639576483,432.0,0.0,0.0,5.704304,5.67
820,1639576483,432.0,0.0,0.0,5.704304,5.67
821,1639576483,443.0,0.0,0.0,5.704304,5.67
822,1639576484,442.0,0.0,0.0,5.704304,5.67
823,1639576484,432.0,0.0,0.0,5.704304,5.67
824,1639576484,424.0,0.0,0.0,5.704304,5.67
825,1639576484,430.0,0.0,0.0,5.704304,5.67
826,1639576484,442.0,0.0,0.0,5.704304,5.67
827,1639576484,425.0,0.0,0.0,5.704304,5.67
828,1639576484,438.0,0.0,0.0,5.704304,5.67
829,1639576484,419.0,0.0,0.0,5.704304,5.67
830,1639576484,425.0,0.0,0.0,5.704304,5.67
831,1639576484,426.0,0.0,0.0,5.704304,5.67
832,1639576484,418.0,0.0,0.0,5.925728,5.91
833,1639576484,426.0,0.0,0.0,5.925728,5.91
834,1639576484,433.0,0.0,0.0,5.925728,5.91
835,1639576484,438.0,0.0,0.0,5.925728,5.91
836,1639576484,431.0,0.0,0.0,5.925728,5.91
837,1639576484,446.0,0.0,0.0,5.925728,5.91
838,1639576485,437.0,0.0,0.0,5.925728,5.91
839,1639576485,451.0,0.0,0.0,5.925728,5.91
840,1639576485,448.0,0.0,0.0,5.925728,5.91
841,1639576485,443.0,0.0,0.0,5.925728,5.91
842,1639576485,456.0,0.0,0.0,5.925728,5.91
843,1639576485,482.0,0.0,0.0,5.925728,5.91
844,1639576485,487.0,0.0,0.0,5.925728,5.91
845,1639576485,469.0,0.0,0.0,5.925728,5.91
846,1639576485,461.0,0.0,0.0,5.925728,5.91
847,1639576485,461.0,0.0,0.0,5.577776,5.54
848,1639576485,461.0,0.0,0.0,5.577776,5.54
849,1639576485,446.0,0.0,0.0,5.577776,5.54
850,1639576485,432.0,0.0,0.0,5.577776,5.54
851,1639576485,434.0,0.0,0.0,5.577776,5.54
852,1639576485,436.0,0.0,0.0,5.577776,5.54
853,1639576485,439.0,0.0,0.0,5.577776,5.54
854,1639576486,435.0,0.0,0.0,5.577776,5.54
855,1639576486,425.0,0.0,0.0,5.577776,5.54
856,1639576486,452.0,0.0,0.0,5.577776,5.54
857,1639576486,453.0,0.0,0.0,5.577776,5.54
858,1639576486,455.0,0.0,0.0,5.577776,5.54
859,1639576486,453.0,0.0,0.0,5.577776,5.54
860,1639576486,462.0,0.0,0.0,5.577776,5.54
861,1639576486,465.0,0.0,0.0,5.577776,5.54
862,1639576486,470.0,0.0,0.0,5.577776,5.54
863,1639576486,443.0,0.0,0.0,5.577776,5.54
864,1639576486,413.0,0.0,0.0,5.841376,5.82
865,1639576486,428.0,0.0,0.0,5.841376,5.82
866,1639576486,430.0,0.0,0.0,5.841376,5.82
867,1639576486,425.0,0.0,0.0,5.841376,5.82
868,1639576486,439.0,0.0,0.0,5.841376,5.82
869,1639576486,445.0,0.0,0.0,5.841376,5.82
870,1639576486,448.0,0.0,0.0,5.841376,5.82
871,1639576487,443.0,0.0,0.0,5.841376,5.82
872,1639576487,436.0,0.0,0.0,5.841376,5.82
873,1639576487,431.0,0.0,0.0,5.841376,5.82
874,1639576487,449.0,0.0,0.0,5.841376,5.82
875,1639576487,431.0,0.0,0.0,5.841376,5.82
876,1639576487,425.0,0.0,0.0,5.841376,5.82
877,1639576487,431.0,0.0,0.0,5.841376,5.82
878,1639576487,451.0,0.0,0.0,5.841376,5.82
879,1639576487,450.0,0.0,0.0,5.841376,5.82
880,1639576487,453.0,0.0,0.0,5.873008,5.83
881,1639576487,446.0,0.0,0.0,5.873008,5.83
882,1639576487,468.0,0.0,0.0,5.873008,5.83
883,1639576487,464.0,0.0,0.0,5.873008,5.83
884,1639576487,462.0,0.0,0.0,5.873008,5.83
885,1639576487,460.0,0.0,0.0,5.873008,5.83
886,1639576487,446.0,0.0,0.0,5.873008,5.83
887,1639576488,454.0,0.0,0.0,5.873008,5.83
888,1639576488,428.0,0.0,0.0,5.873008,5.83
889,1639576488,430.0,0.0,0.0,5.873008,5.83
890,1639576488,424.0,0.0,0.0,5.873008,5.83
891,1639576488,432.0,0.0,0.0,5.873008,5.83
892,1639576488,425.0,0.0,0.0,5.873008,5.83
893,1639576488,440.0,0.0,0.0,5.873008,5.83
894,1639576488,435.0,0.0,0.0,5.873008,5.83
895,1639576488,435.0,0.0,0.0,5.873008,5.83
896,1639576488,436.0,0.0,0.0,5.873008,5.83
897,1639576488,433.0,0.0,0.0,5.788656,5.81
898,1639576488,441.0,0.0,0.0,5.788656,5.81
899,1639576488,421.0,0.0,0.0,5.788656,5.81
900,1639576488,425.0,0.0,0.0,5.788656,5.81
901,1639576488,422.0,0.0,0.0,5.788656,5.81
902,1639576488,427.0,0.0,0.0,5.788656,5.81
903,1639576488,425.0,0.0,0.0,5.788656,5.81
904,1639576489,429.0,0.0,0.0,5.788656,5.81
905,1639576489,423.0,0.0,0.0,5.788656,5.81
906,1639576489,421.0,0.0,0.0,5.788656,5.81
907,1639576489,426.0,0.0,0.0,5.788656,5.81
908,1639576489,442.0,0.0,0.0,5.788656,5.81
909,1639576489,428.0,0.0,0.0,5.788656,5.81
910,1639576489,447.0,0.0,0.0,5.788656,5.81
911,1639576489,436.0,0.0,0.0,5.788656,5.81
912,1639576489,436.0,0.0,0.0,5.788656,5.81
913,1639576489,434.0,0.0,0.0,5.95736,5.91
914,1639576489,423.0,0.0,0.0,5.95736,5.91
915,1639576489,430.0,0.0,0.0,5.95736,5.91
916,1639576489,440.0,0.0,0.0,5.95736,5.91
917,1639576489,426.0,0.0,0.0,5.95736,5.91
918,1639576489,417.0,0.0,0.0,5.95736,5.91
919,1639576489,428.0,0.0,0.0,5.95736,5.91
920,1639576490,423.0,0.0,0.0,5.95736,5.91
921,1639576490,430.0,0.0,0.0,5.95736,5.91
922,1639576490,428.0,0.0,0.0,5.95736,5.91
923,1639576490,424.0,0.0,0.0,5.95736,5.91
924,1639576490,433.0,0.0,0.0,5.95736,5.91
925,1639576490,449.0,0.0,0.0,5.95736,5.91
926,1639576490,441.0,0.0,0.0,5.95736,5.91
927,1639576490,440.0,0.0,0.0,5.95736,5.91
928,1639576490,449.0,0.0,0.0,5.95736,5.91
929,1639576490,448.0,0.0,0.0,5.894096,5.88
930,1639576490,447.0,0.0,0.0,5.894096,5.88
931,1639576490,434.0,0.0,0.0,5.894096,5.88
932,1639576490,425.0,0.0,0.0,5.894096,5.88
933,1639576490,440.0,0.0,0.0,5.894096,5.88
934,1639576490,458.0,0.0,0.0,5.894096,5.88
935,1639576491,442.0,0.0,0.0,5.894096,5.88
936,1639576491,419.0,0.0,0.0,5.894096,5.88
937,1639576491,428.0,0.0,0.0,5.894096,5.88
938,1639576491,434.0,0.0,0.0,5.894096,5.88
939,1639576491,474.0,0.0,0.0,5.894096,5.88
940,1639576491,536.0,0.0,0.0,5.894096,5.88
941,1639576491,558.0,0.0,0.0,5.894096,5.88
942,1639576491,601.0,0.0,0.0,5.894096,5.88
943,1639576491,593.0,0.0,0.0,5.894096,5.88
944,1639576491,620.0,0.0,0.0,4.860784,4.78
945,1639576491,625.0,0.0,0.0,4.860784,4.78
946,1639576491,637.0,0.0,0.0,4.860784,4.78
947,1639576491,639.0,0.0,0.0,4.860784,4.78
948,1639576491,662.0,0.0,0.0,4.860784,4.78
949,1639576491,687.0,0.0,0.0,4.860784,4.78
950,1639576491,526.0,0.0,0.0,4.860784,4.78
951,1639576492,463.0,0.0,0.0,4.860784,4.78
952,1639576492,455.0,0.0,0.0,4.860784,4.78
953,1639576492,447.0,0.0,0.0,4.860784,4.78
954,1639576492,443.0,0.0,0.0,4.860784,4.78
955,1639576492,446.0,0.0,0.0,4.860784,4.78
956,1639576492,449.0,0.0,0.0,4.860784,4.78
957,1639576492,452.0,0.0,0.0,4.860784,4.78
958,1639576492,442.0,0.0,0.0,4.860784,4.78
959,1639576492,447.0,0.0,0.0,4.860784,4.78
960,1639576492,442.0,0.0,0.0,4.860784,4.78
961,1639576492,439.0,0.0,0.0,5.725392,5.74
962,1639576492,425.0,0.0,0.0,5.725392,5.74
963,1639576492,438.0,0.0,0.0,5.725392,5.74
964,1639576492,450.0,0.0,0.0,5.725392,5.74
965,1639576492,459.0,0.0,0.0,5.725392,5.74
966,1639576492,452.0,0.0,0.0,5.725392,5.74
967,1639576492,456.0,0.0,0.0,5.725392,5.74
968,1639576493,456.0,0.0,0.0,5.725392,5.74
969,1639576493,455.0,0.0,0.0,5.725392,5.74
970,1639576493,456.0,0.0,0.0,5.725392,5.74
971,1639576493,448.0,0.0,0.0,5.725392,5.74
972,1639576493,449.0,0.0,0.0,5.725392,5.74
973,1639576493,464.0,0.0,0.0,5.725392,5.74
974,1639576493,470.0,0.0,0.0,5.725392,5.74
975,1639576493,472.0,0.0,0.0,5.725392,5.74
976,1639576493,496.0,0.0,0.0,5.725392,5.74
977,1639576493,491.0,0.0,0.0,5.48288,5.47
978,1639576493,491.0,0.0,0.0,5.48288,5.47
979,1639576493,494.0,0.0,0.0,5.48288,5.47
980,1639576493,494.0,0.0,0.0,5.48288,5.47
981,1639576493,518.0,0.0,0.0,5.48288,5.47
982,1639576493,499.0,0.0,0.0,5.48288,5.47
983,1639576493,489.0,0.0,0.0,5.48288,5.47
984,1639576494,493.0,0.0,0.0,5.48288,5.47
985,1639576494,485.0,0.0,0.0,5.48288,5.47
986,1639576494,474.0,0.0,0.0,5.48288,5.47
987,1639576494,473.0,0.0,0.0,5.48288,5.47
988,1639576494,459.0,0.0,0.0,5.48288,5.47
989,1639576494,462.0,0.0,0.0,5.48288,5.47
990,1639576494,459.0,0.0,0.0,5.48288,5.47
991,1639576494,443.0,0.0,0.0,5.48288,5.47
992,1639576494,450.0,0.0,0.0,5.48288,5.47
993,1639576494,448.0,0.0,0.0,5.48288,5.47
994,1639576494,452.0,0.0,0.0,5.598864,5.57
995,1639576494,459.0,0.0,0.0,5.598864,5.57
996,1639576494,449.0,0.0,0.0,5.598864,5.57
997,1639576494,448.0,0.0,0.0,5.598864,5.57
998,1639576494,451.0,0.0,0.0,5.598864,5.57
999,1639576494,468.0,0.0,0.0,5.598864,5.57
1000,1639576495,466.0,0.0,0.0,5.598864,5.57
1001,1639576495,469.0,0.0,0.0,5.598864,5.57
1002,1639576495,465.0,0.0,0.0,5.598864,5.57
1003,1639576495,459.0,0.0,0.0,5.598864,5.57
1004,1639576495,446.0,0.0,0.0,5.598864,5.57
1005,1639576495,446.0,0.0,0.0,5.598864,5.57
1006,1639576495,461.0,0.0,0.0,5.598864,5.57
1007,1639576495,492.0,0.0,0.0,5.598864,5.57
1008,1639576495,486.0,0.0,0.0,5.598864,5.57
1009,1639576495,481.0,0.0,0.0,5.598864,5.57
1010,1639576495,477.0,0.0,0.0,5.525056,5.43
1011,1639576495,474.0,0.0,0.0,5.525056,5.43
1012,1639576495,486.0,0.0,0.0,5.525056,5.43
1013,1639576495,497.0,0.0,0.0,5.525056,5.43
1014,1639576495,506.0,0.0,0.0,5.525056,5.43
1015,1639576495,492.0,0.0,0.0,5.525056,5.43
1016,1639576496,484.0,0.0,0.0,5.525056,5.43
1017,1639576496,502.0,0.0,0.0,5.525056,5.43
1018,1639576496,501.0,0.0,0.0,5.525056,5.43
1019,1639576496,501.0,0.0,0.0,5.525056,5.43
1020,1639576496,515.0,0.0,0.0,5.525056,5.43
1021,1639576496,507.0,0.0,0.0,5.525056,5.43
1022,1639576496,500.0,0.0,0.0,5.525056,5.43
1023,1639576496,499.0,0.0,0.0,5.525056,5.43
1024,1639576496,489.0,0.0,0.0,5.525056,5.43
1025,1639576496,495.0,0.0,0.0,5.525056,5.43
1026,1639576496,519.0,0.0,0.0,5.21928,5.15
1027,1639576496,521.0,0.0,0.0,5.21928,5.15
1028,1639576496,496.0,0.0,0.0,5.21928,5.15
1029,1639576496,509.0,0.0,0.0,5.21928,5.15
1030,1639576496,518.0,0.0,0.0,5.21928,5.15
1031,1639576496,526.0,0.0,0.0,5.21928,5.15
1032,1639576497,524.0,0.0,0.0,5.21928,5.15
1033,1639576497,536.0,0.0,0.0,5.21928,5.15
1034,1639576497,521.0,0.0,0.0,5.21928,5.15
1035,1639576497,521.0,0.0,0.0,5.21928,5.15
1036,1639576497,546.0,0.0,0.0,5.21928,5.15
1037,1639576497,535.0,0.0,0.0,5.21928,5.15
1038,1639576497,539.0,0.0,0.0,5.21928,5.15
1039,1639576497,555.0,0.0,0.0,5.21928,5.15
1040,1639576497,545.0,0.0,0.0,5.21928,5.15
1041,1639576497,537.0,0.0,0.0,5.21928,5.15
1042,1639576497,544.0,0.0,0.0,4.881872,4.81
1043,1639576497,545.0,0.0,0.0,4.881872,4.81
1044,1639576497,530.0,0.0,0.0,4.881872,4.81
1045,1639576497,538.0,0.0,0.0,4.881872,4.81
1046,1639576497,530.0,0.0,0.0,4.881872,4.81
1047,1639576497,499.0,0.0,0.0,4.881872,4.81
1048,1639576498,522.0,0.0,0.0,4.881872,4.81
1049,1639576498,530.0,0.0,0.0,4.881872,4.81
1050,1639576498,532.0,0.0,0.0,4.881872,4.81
1051,1639576498,520.0,0.0,0.0,4.881872,4.81
1052,1639576498,522.0,0.0,0.0,4.881872,4.81
1053,1639576498,519.0,0.0,0.0,4.881872,4.81
1054,1639576498,523.0,0.0,0.0,4.881872,4.81
1055,1639576498,543.0,0.0,0.0,4.881872,4.81
1056,1639576498,518.0,0.0,0.0,4.881872,4.81
1057,1639576498,521.0,0.0,0.0,4.881872,4.81
1058,1639576498,538.0,0.0,0.0,4.966224,4.96
1059,1639576498,523.0,0.0,0.0,4.966224,4.96
1060,1639576498,511.0,0.0,0.0,4.966224,4.96
1061,1639576498,523.0,0.0,0.0,4.966224,4.96
1062,1639576498,516.0,0.0,0.0,4.966224,4.96
1063,1639576498,511.0,0.0,0.0,4.966224,4.96
1064,1639576499,503.0,0.0,0.0,4.966224,4.96
1065,1639576499,503.0,0.0,0.0,4.966224,4.96
1066,1639576499,495.0,0.0,0.0,4.966224,4.96
1067,1639576499,516.0,0.0,0.0,4.966224,4.96
1068,1639576499,524.0,0.0,0.0,4.966224,4.96
1069,1639576499,510.0,0.0,0.0,4.966224,4.96
1070,1639576499,492.0,0.0,0.0,4.966224,4.96
1071,1639576499,507.0,0.0,0.0,4.966224,4.96
1072,1639576499,508.0,0.0,0.0,4.966224,4.96
1073,1639576499,499.0,0.0,0.0,4.966224,4.96
1074,1639576499,486.0,0.0,0.0,4.966224,5.16
1075,1639576499,509.0,0.0,0.0,5.229824,5.16
1076,1639576499,503.0,0.0,0.0,5.229824,5.16
1077,1639576499,483.0,0.0,0.0,5.229824,5.16
1078,1639576499,498.0,0.0,0.0,5.229824,5.16
1079,1639576499,495.0,0.0,0.0,5.229824,5.16
1080,1639576499,486.0,0.0,0.0,5.229824,5.16
1081,1639576500,487.0,0.0,0.0,5.229824,5.16
1082,1639576500,490.0,0.0,0.0,5.229824,5.16
1083,1639576500,469.0,0.0,0.0,5.229824,5.16
1084,1639576500,461.0,0.0,0.0,5.229824,5.16
1085,1639576500,463.0,0.0,0.0,5.229824,5.16
1086,1639576500,469.0,0.0,0.0,5.229824,5.16
1087,1639576500,472.0,0.0,0.0,5.229824,5.16
1088,1639576500,474.0,0.0,0.0,5.229824,5.16
1089,1639576500,487.0,0.0,0.0,5.229824,5.16
1090,1639576500,475.0,0.0,0.0,5.229824,5.16
1091,1639576500,472.0,0.0,0.0,5.229824,5.16
1092,1639576500,477.0,0.0,0.0,5.440704,5.4
1093,1639576500,489.0,0.0,0.0,5.440704,5.4
1094,1639576500,483.0,0.0,0.0,5.440704,5.4
1095,1639576500,499.0,0.0,0.0,5.440704,5.4
1096,1639576500,489.0,0.0,0.0,5.440704,5.4
1097,1639576500,473.0,0.0,0.0,5.440704,5.4
1098,1639576501,484.0,0.0,0.0,5.440704,5.4
1099,1639576501,494.0,0.0,0.0,5.440704,5.4
1100,1639576501,489.0,0.0,0.0,5.440704,5.4
1101,1639576501,515.0,0.0,0.0,5.440704,5.4
1102,1639576501,511.0,0.0,0.0,5.440704,5.4
1103,1639576501,499.0,0.0,0.0,5.440704,5.4
1104,1639576501,506.0,0.0,0.0,5.440704,5.4
1105,1639576501,502.0,0.0,0.0,5.440704,5.4
1106,1639576501,510.0,0.0,0.0,5.440704,5.4
1107,1639576501,565.0,0.0,0.0,5.440704,5.4
1108,1639576501,592.0,0.0,0.0,4.871328,4.73
1109,1639576501,639.0,0.0,0.0,4.871328,4.73
1110,1639576501,702.0,0.0,0.0,4.871328,4.73
1111,1639576501,713.0,0.0,0.0,4.871328,4.73
1112,1639576501,706.0,0.0,0.0,4.871328,4.73
1113,1639576501,715.0,0.0,0.0,4.871328,4.73
1114,1639576502,716.0,0.0,0.0,4.871328,4.73
1115,1639576502,715.0,0.0,0.0,4.871328,4.73
1116,1639576502,707.0,0.0,0.0,4.871328,4.73
1117,1639576502,748.0,0.0,0.0,4.871328,4.73
1118,1639576502,653.0,0.0,0.0,4.871328,4.73
1119,1639576502,542.0,0.0,0.0,4.871328,4.73
1120,1639576502,549.0,0.0,0.0,4.871328,4.73
1121,1639576502,551.0,0.0,0.0,4.871328,4.73
1122,1639576502,533.0,0.0,0.0,4.871328,4.73
1123,1639576502,535.0,0.0,0.0,4.871328,4.25
1124,1639576502,529.0,0.0,0.0,4.291408,4.25
1125,1639576502,527.0,0.0,0.0,4.291408,4.25
1126,1639576502,517.0,0.0,0.0,4.291408,4.25
1127,1639576502,506.0,0.0,0.0,4.291408,4.25
1128,1639576502,504.0,0.0,0.0,4.291408,4.25
1129,1639576502,506.0,0.0,0.0,4.291408,4.25
1130,1639576503,524.0,0.0,0.0,4.291408,4.25
1131,1639576503,514.0,0.0,0.0,4.291408,4.25
1132,1639576503,513.0,0.0,0.0,4.291408,4.25
1133,1639576503,521.0,0.0,0.0,4.291408,4.25
1134,1639576503,505.0,0.0,0.0,4.291408,4.25
1135,1639576503,500.0,0.0,0.0,4.291408,4.25
1136,1639576503,501.0,0.0,0.0,4.291408,4.25
1137,1639576503,502.0,0.0,0.0,4.291408,4.25
1138,1639576503,490.0,0.0,0.0,4.291408,4.25
1139,1639576503,493.0,0.0,0.0,4.291408,5.18
1140,1639576503,490.0,0.0,0.0,5.124384,5.18
1141,1639576503,504.0,0.0,0.0,5.124384,5.18
1142,1639576503,509.0,0.0,0.0,5.124384,5.18
1143,1639576503,526.0,0.0,0.0,5.124384,5.18
1144,1639576503,547.0,0.0,0.0,5.124384,5.18
1145,1639576504,546.0,0.0,0.0,5.124384,5.18
1146,1639576504,544.0,0.0,0.0,5.124384,5.18
1147,1639576504,552.0,0.0,0.0,5.124384,5.18
1148,1639576504,567.0,0.0,0.0,5.124384,5.18
1149,1639576504,565.0,0.0,0.0,5.124384,5.18
1150,1639576504,577.0,0.0,0.0,5.124384,5.18
1151,1639576504,592.0,0.0,0.0,5.124384,5.18
1152,1639576504,569.0,0.0,0.0,5.124384,5.18
1153,1639576504,552.0,0.0,0.0,5.124384,5.18
1154,1639576504,539.0,0.0,0.0,5.124384,5.18
1155,1639576504,519.0,0.0,0.0,5.124384,4.61
1156,1639576504,544.0,0.0,0.0,4.723712,4.61
1157,1639576504,545.0,0.0,0.0,4.723712,4.61
1158,1639576504,548.0,0.0,0.0,4.723712,4.61
1159,1639576504,541.0,0.0,0.0,4.723712,4.61
1160,1639576504,538.0,0.0,0.0,4.723712,4.61
1161,1639576505,548.0,0.0,0.0,4.723712,4.61
1162,1639576505,548.0,0.0,0.0,4.723712,4.61
1163,1639576505,545.0,0.0,0.0,4.723712,4.61
1164,1639576505,543.0,0.0,0.0,4.723712,4.61
1165,1639576505,560.0,0.0,0.0,4.723712,4.61
1166,1639576505,548.0,0.0,0.0,4.723712,4.61
1167,1639576505,542.0,0.0,0.0,4.723712,4.61
1168,1639576505,537.0,0.0,0.0,4.723712,4.61
1169,1639576505,559.0,0.0,0.0,4.723712,4.61
1170,1639576505,561.0,0.0,0.0,4.723712,4.61
1171,1639576505,549.0,0.0,0.0,4.734256,4.74
1172,1639576505,552.0,0.0,0.0,4.734256,4.74
1173,1639576505,542.0,0.0,0.0,4.734256,4.74
1174,1639576505,528.0,0.0,0.0,4.734256,4.74
1175,1639576505,537.0,0.0,0.0,4.734256,4.74
1176,1639576506,538.0,0.0,0.0,4.734256,4.74
1177,1639576506,541.0,0.0,0.0,4.734256,4.74
1178,1639576506,531.0,0.0,0.0,4.734256,4.74
1179,1639576506,551.0,0.0,0.0,4.734256,4.74
1180,1639576506,555.0,0.0,0.0,4.734256,4.74
1181,1639576506,549.0,0.0,0.0,4.734256,4.74
1182,1639576506,543.0,0.0,0.0,4.734256,4.74
1183,1639576506,537.0,0.0,0.0,4.734256,4.74
1184,1639576506,534.0,0.0,0.0,4.734256,4.74
1185,1639576506,532.0,0.0,0.0,4.734256,4.74
1186,1639576506,540.0,0.0,0.0,4.871328,4.83
1187,1639576506,540.0,0.0,0.0,4.871328,4.83
1188,1639576506,537.0,0.0,0.0,4.871328,4.83
1189,1639576506,547.0,0.0,0.0,4.871328,4.83
1190,1639576506,534.0,0.0,0.0,4.871328,4.83
1191,1639576507,551.0,0.0,0.0,4.871328,4.83
1192,1639576507,549.0,0.0,0.0,4.871328,4.83
1193,1639576507,556.0,0.0,0.0,4.871328,4.83
1194,1639576507,549.0,0.0,0.0,4.871328,4.83
1195,1639576507,554.0,0.0,0.0,4.871328,4.83
1196,1639576507,545.0,0.0,0.0,4.871328,4.83
1197,1639576507,532.0,0.0,0.0,4.871328,4.83
1198,1639576507,524.0,0.0,0.0,4.871328,4.83
1199,1639576507,516.0,0.0,0.0,4.871328,4.83
1200,1639576507,533.0,0.0,0.0,4.871328,4.83
1201,1639576507,543.0,0.0,0.0,4.871328,4.8
1202,1639576507,534.0,0.0,0.0,4.786976,4.8
1203,1639576507,531.0,0.0,0.0,4.786976,4.8
1204,1639576507,526.0,0.0,0.0,4.786976,4.8
1205,1639576507,531.0,0.0,0.0,4.786976,4.8
1206,1639576507,525.0,0.0,0.0,4.786976,4.8
1207,1639576508,538.0,0.0,0.0,4.786976,4.8
1208,1639576508,531.0,0.0,0.0,4.786976,4.8
1209,1639576508,521.0,0.0,0.0,4.786976,4.8
1210,1639576508,530.0,0.0,0.0,4.786976,4.8
1211,1639576508,529.0,0.0,0.0,4.786976,4.8
1212,1639576508,517.0,0.0,0.0,4.786976,4.8
1213,1639576508,499.0,0.0,0.0,4.786976,4.8
1214,1639576508,491.0,0.0,0.0,4.786976,4.8
1215,1639576508,504.0,0.0,0.0,4.786976,4.8
1216,1639576508,504.0,0.0,0.0,4.786976,4.8
1217,1639576508,490.0,0.0,0.0,4.786976,4.8
1218,1639576508,486.0,0.0,0.0,4.786976,5.13
1219,1639576508,485.0,0.0,0.0,5.16656,5.13
1220,1639576508,483.0,0.0,0.0,5.16656,5.13
1221,1639576508,494.0,0.0,0.0,5.16656,5.13
1222,1639576508,493.0,0.0,0.0,5.16656,5.13
1223,1639576508,498.0,0.0,0.0,5.16656,5.13
1224,1639576509,497.0,0.0,0.0,5.16656,5.13
1225,1639576509,501.0,0.0,0.0,5.16656,5.13
1226,1639576509,500.0,0.0,0.0,5.16656,5.13
1227,1639576509,494.0,0.0,0.0,5.16656,5.13
1228,1639576509,483.0,0.0,0.0,5.16656,5.13
1229,1639576509,482.0,0.0,0.0,5.16656,5.13
1230,1639576509,481.0,0.0,0.0,5.16656,5.13
1231,1639576509,476.0,0.0,0.0,5.16656,5.13
1232,1639576509,481.0,0.0,0.0,5.16656,5.13
1233,1639576509,501.0,0.0,0.0,5.16656,5.13
1234,1639576509,473.0,0.0,0.0,5.16656,5.22
1235,1639576509,485.0,0.0,0.0,5.366896,5.22
1236,1639576509,494.0,0.0,0.0,5.366896,5.22
1237,1639576509,486.0,0.0,0.0,5.366896,5.22
1238,1639576509,488.0,0.0,0.0,5.366896,5.22
1239,1639576509,501.0,0.0,0.0,5.366896,5.22
1240,1639576510,486.0,0.0,0.0,5.366896,5.22
1241,1639576510,487.0,0.0,0.0,5.366896,5.22
1242,1639576510,495.0,0.0,0.0,5.366896,5.22
1243,1639576510,487.0,0.0,0.0,5.366896,5.22
1244,1639576510,488.0,0.0,0.0,5.366896,5.22
1245,1639576510,499.0,0.0,0.0,5.366896,5.22
1246,1639576510,482.0,0.0,0.0,5.366896,5.22
1247,1639576510,461.0,0.0,0.0,5.366896,5.22
1248,1639576510,478.0,0.0,0.0,5.366896,5.22
1249,1639576510,466.0,0.0,0.0,5.366896,5.22
1250,1639576510,466.0,0.0,0.0,5.366896,5.39
1251,1639576510,468.0,0.0,0.0,5.387984,5.39
1252,1639576510,461.0,0.0,0.0,5.387984,5.39
1253,1639576510,470.0,0.0,0.0,5.387984,5.39
1254,1639576510,492.0,0.0,0.0,5.387984,5.39
1255,1639576510,491.0,0.0,0.0,5.387984,5.39
1256,1639576511,481.0,0.0,0.0,5.387984,5.39
1257,1639576511,470.0,0.0,0.0,5.387984,5.39
1258,1639576511,469.0,0.0,0.0,5.387984,5.39
1259,1639576511,472.0,0.0,0.0,5.387984,5.39
1260,1639576511,443.0,0.0,0.0,5.387984,5.39
1261,1639576511,438.0,0.0,0.0,5.387984,5.39
1262,1639576511,445.0,0.0,0.0,5.387984,5.39
1263,1639576511,447.0,0.0,0.0,5.387984,5.39
1264,1639576511,451.0,0.0,0.0,5.387984,5.39
1265,1639576511,455.0,0.0,0.0,5.387984,5.39
1266,1639576511,465.0,0.0,0.0,5.64104,5.57
1267,1639576511,463.0,0.0,0.0,5.64104,5.57
1268,1639576511,460.0,0.0,0.0,5.64104,5.57
1269,1639576511,503.0,0.0,0.0,5.64104,5.57
1270,1639576511,578.0,0.0,0.0,5.64104,5.57
1271,1639576512,623.0,0.0,0.0,5.64104,5.57
1272,1639576512,624.0,0.0,0.0,5.64104,5.57
1273,1639576512,620.0,0.0,0.0,5.64104,5.57
1274,1639576512,636.0,0.0,0.0,5.64104,5.57
1275,1639576512,655.0,0.0,0.0,5.64104,5.57
1276,1639576512,650.0,0.0,0.0,5.64104,5.57
1277,1639576512,645.0,0.0,0.0,5.64104,5.57
1278,1639576512,657.0,0.0,0.0,5.64104,5.57
1279,1639576512,692.0,0.0,0.0,5.64104,5.57
1280,1639576512,518.0,0.0,0.0,5.64104,5.57
1281,1639576512,503.0,0.0,0.0,5.64104,4.43
1282,1639576512,514.0,0.0,0.0,4.301952,4.43
1283,1639576512,512.0,0.0,0.0,4.301952,4.43
1284,1639576512,509.0,0.0,0.0,4.301952,4.43
1285,1639576512,515.0,0.0,0.0,4.301952,4.43
1286,1639576512,512.0,0.0,0.0,4.301952,4.43
1287,1639576512,501.0,0.0,0.0,4.301952,4.43
1288,1639576513,512.0,0.0,0.0,4.301952,4.43
1289,1639576513,493.0,0.0,0.0,4.301952,4.43
1290,1639576513,477.0,0.0,0.0,4.301952,4.43
1291,1639576513,472.0,0.0,0.0,4.301952,4.43
1292,1639576513,480.0,0.0,0.0,4.301952,4.43
1293,1639576513,469.0,0.0,0.0,4.301952,4.43
1294,1639576513,461.0,0.0,0.0,4.301952,4.43
1295,1639576513,479.0,0.0,0.0,4.301952,4.43
1296,1639576513,493.0,0.0,0.0,4.301952,4.43
1297,1639576513,510.0,0.0,0.0,4.301952,4.43
1298,1639576513,507.0,0.0,0.0,4.301952,5.24
1299,1639576513,522.0,0.0,0.0,5.293088,5.24
1300,1639576513,516.0,0.0,0.0,5.293088,5.24
1301,1639576513,516.0,0.0,0.0,5.293088,5.24
1302,1639576513,534.0,0.0,0.0,5.293088,5.24
1303,1639576514,511.0,0.0,0.0,5.293088,5.24
1304,1639576514,492.0,0.0,0.0,5.293088,5.24
1305,1639576514,497.0,0.0,0.0,5.293088,5.24
1306,1639576514,500.0,0.0,0.0,5.293088,5.24
1307,1639576514,487.0,0.0,0.0,5.293088,5.24
1308,1639576514,498.0,0.0,0.0,5.293088,5.24
1309,1639576514,486.0,0.0,0.0,5.293088,5.24
1310,1639576514,503.0,0.0,0.0,5.293088,5.24
1311,1639576514,489.0,0.0,0.0,5.293088,5.24
1312,1639576514,477.0,0.0,0.0,5.293088,5.24
1313,1639576514,485.0,0.0,0.0,5.293088,5.24
1314,1639576514,486.0,0.0,0.0,5.293088,5.18
1315,1639576514,477.0,0.0,0.0,5.240368,5.18
1316,1639576514,505.0,0.0,0.0,5.240368,5.18
1317,1639576514,515.0,0.0,0.0,5.240368,5.18
1318,1639576514,510.0,0.0,0.0,5.240368,5.18
1319,1639576514,519.0,0.0,0.0,5.240368,5.18
1320,1639576515,513.0,0.0,0.0,5.240368,5.18
1321,1639576515,504.0,0.0,0.0,5.240368,5.18
1322,1639576515,505.0,0.0,0.0,5.240368,5.18
1323,1639576515,502.0,0.0,0.0,5.240368,5.18
1324,1639576515,504.0,0.0,0.0,5.240368,5.18
1325,1639576515,503.0,0.0,0.0,5.240368,5.18
1326,1639576515,492.0,0.0,0.0,5.240368,5.18
1327,1639576515,494.0,0.0,0.0,5.240368,5.18
1328,1639576515,504.0,0.0,0.0,5.240368,5.18
1329,1639576515,504.0,0.0,0.0,5.240368,5.18
1330,1639576515,493.0,0.0,0.0,5.240368,5.05
1331,1639576515,506.0,0.0,0.0,5.16656,5.05
1332,1639576515,528.0,0.0,0.0,5.16656,5.05
1333,1639576515,527.0,0.0,0.0,5.16656,5.05
1334,1639576515,527.0,0.0,0.0,5.16656,5.05
1335,1639576516,527.0,0.0,0.0,5.16656,5.05
1336,1639576516,537.0,0.0,0.0,5.16656,5.05
1337,1639576516,536.0,0.0,0.0,5.16656,5.05
1338,1639576516,534.0,0.0,0.0,5.16656,5.05
1339,1639576516,548.0,0.0,0.0,5.16656,5.05
1340,1639576516,542.0,0.0,0.0,5.16656,5.05
1341,1639576516,542.0,0.0,0.0,5.16656,5.05
1342,1639576516,539.0,0.0,0.0,5.16656,5.05
1343,1639576516,524.0,0.0,0.0,5.16656,5.05
1344,1639576516,508.0,0.0,0.0,5.16656,5.05
1345,1639576516,502.0,0.0,0.0,5.16656,5.05
1346,1639576516,485.0,0.0,0.0,5.16656,5.04
1347,1639576516,481.0,0.0,0.0,5.040032,5.04
1348,1639576516,485.0,0.0,0.0,5.040032,5.04
1349,1639576516,488.0,0.0,0.0,5.040032,5.04
1350,1639576516,487.0,0.0,0.0,5.040032,5.04
1351,1639576516,480.0,0.0,0.0,5.040032,5.04
1352,1639576517,478.0,0.0,0.0,5.040032,5.04
1353,1639576517,479.0,0.0,0.0,5.040032,5.04
1354,1639576517,500.0,0.0,0.0,5.040032,5.04
1355,1639576517,492.0,0.0,0.0,5.040032,5.04
1356,1639576517,484.0,0.0,0.0,5.040032,5.04
1357,1639576517,486.0,0.0,0.0,5.040032,5.04
1358,1639576517,479.0,0.0,0.0,5.040032,5.04
1359,1639576517,475.0,0.0,0.0,5.040032,5.04
1360,1639576517,478.0,0.0,0.0,5.040032,5.04
1361,1639576517,494.0,0.0,0.0,5.040032,5.04
1362,1639576517,483.0,0.0,0.0,5.040032,5.04
1363,1639576517,480.0,0.0,0.0,5.040032,5.25
1364,1639576517,481.0,0.0,0.0,5.261456,5.25
1365,1639576517,489.0,0.0,0.0,5.261456,5.25
1366,1639576517,485.0,0.0,0.0,5.261456,5.25
1367,1639576517,498.0,0.0,0.0,5.261456,5.25
1368,1639576517,489.0,0.0,0.0,5.261456,5.25
1369,1639576518,506.0,0.0,0.0,5.261456,5.25
1370,1639576518,501.0,0.0,0.0,5.261456,5.25
1371,1639576518,493.0,0.0,0.0,5.261456,5.25
1372,1639576518,499.0,0.0,0.0,5.261456,5.25
1373,1639576518,510.0,0.0,0.0,5.261456,5.25
1374,1639576518,489.0,0.0,0.0,5.261456,5.25
1375,1639576518,497.0,0.0,0.0,5.261456,5.25
1376,1639576518,511.0,0.0,0.0,5.261456,5.25
1377,1639576518,499.0,0.0,0.0,5.261456,5.25
1378,1639576518,496.0,0.0,0.0,5.261456,5.25
1379,1639576518,493.0,0.0,0.0,5.261456,5.27
1380,1639576518,500.0,0.0,0.0,5.21928,5.27
1381,1639576518,491.0,0.0,0.0,5.21928,5.27
1382,1639576518,515.0,0.0,0.0,5.21928,5.27
1383,1639576518,531.0,0.0,0.0,5.21928,5.27
1384,1639576518,519.0,0.0,0.0,5.21928,5.27
1385,1639576519,513.0,0.0,0.0,5.21928,5.27
1386,1639576519,520.0,0.0,0.0,5.21928,5.27
1387,1639576519,540.0,0.0,0.0,5.21928,5.27
1388,1639576519,554.0,0.0,0.0,5.21928,5.27
1389,1639576519,544.0,0.0,0.0,5.21928,5.27
1390,1639576519,555.0,0.0,0.0,5.21928,5.27
1391,1639576519,548.0,0.0,0.0,5.21928,5.27
1392,1639576519,542.0,0.0,0.0,5.21928,5.27
1393,1639576519,533.0,0.0,0.0,5.21928,5.27
1394,1639576519,531.0,0.0,0.0,5.21928,5.27
1395,1639576519,527.0,0.0,0.0,5.21928,4.84
1396,1639576519,511.0,0.0,0.0,4.90296,4.84
1397,1639576519,519.0,0.0,0.0,4.90296,4.84
1398,1639576519,517.0,0.0,0.0,4.90296,4.84
1399,1639576519,509.0,0.0,0.0,4.90296,4.84
1400,1639576520,518.0,0.0,0.0,4.90296,4.84
1401,1639576520,526.0,0.0,0.0,4.90296,4.84
1402,1639576520,513.0,0.0,0.0,4.90296,4.84
1403,1639576520,513.0,0.0,0.0,4.90296,4.84
1404,1639576520,530.0,0.0,0.0,4.90296,4.84
1405,1639576520,537.0,0.0,0.0,4.90296,4.84
1406,1639576520,533.0,0.0,0.0,4.90296,4.84
1407,1639576520,528.0,0.0,0.0,4.90296,4.84
1408,1639576520,523.0,0.0,0.0,4.90296,4.84
1409,1639576520,507.0,0.0,0.0,4.90296,4.84
1410,1639576520,501.0,0.0,0.0,4.90296,4.84
1411,1639576520,519.0,0.0,0.0,4.90296,4.84
1412,1639576520,519.0,0.0,0.0,4.90296,5.02
1413,1639576520,504.0,0.0,0.0,5.029488,5.02
1414,1639576520,494.0,0.0,0.0,5.029488,5.02
1415,1639576520,488.0,0.0,0.0,5.029488,5.02
1416,1639576520,498.0,0.0,0.0,5.029488,5.02
1417,1639576520,489.0,0.0,0.0,5.029488,5.02
1418,1639576521,490.0,0.0,0.0,5.029488,5.02
1419,1639576521,487.0,0.0,0.0,5.029488,5.02
1420,1639576521,504.0,0.0,0.0,5.029488,5.02
1421,1639576521,511.0,0.0,0.0,5.029488,5.02
1422,1639576521,524.0,0.0,0.0,5.029488,5.02
1423,1639576521,526.0,0.0,0.0,5.029488,5.02
1424,1639576521,524.0,0.0,0.0,5.029488,5.02
1425,1639576521,531.0,0.0,0.0,5.029488,5.02
1426,1639576521,525.0,0.0,0.0,5.029488,5.02
1427,1639576521,510.0,0.0,0.0,5.029488,5.02
1428,1639576521,500.0,0.0,0.0,5.029488,5.08
1429,1639576521,498.0,0.0,0.0,5.11384,5.08
1430,1639576521,498.0,0.0,0.0,5.11384,5.08
1431,1639576521,495.0,0.0,0.0,5.11384,5.08
1432,1639576521,484.0,0.0,0.0,5.11384,5.08
1433,1639576521,489.0,0.0,0.0,5.11384,5.08
1434,1639576522,497.0,0.0,0.0,5.11384,5.08
1435,1639576522,546.0,0.0,0.0,5.11384,5.08
1436,1639576522,620.0,0.0,0.0,5.11384,5.08
1437,1639576522,633.0,0.0,0.0,5.11384,5.08
1438,1639576522,640.0,0.0,0.0,5.11384,5.08
1439,1639576522,652.0,0.0,0.0,5.11384,5.08
1440,1639576522,657.0,0.0,0.0,5.11384,5.08
1441,1639576522,662.0,0.0,0.0,5.11384,5.08
1442,1639576522,677.0,0.0,0.0,5.11384,5.08
1443,1639576522,683.0,0.0,0.0,5.11384,5.08
1444,1639576522,664.0,0.0,0.0,4.37576,4.35
1445,1639576522,522.0,0.0,0.0,4.37576,4.35
1446,1639576522,497.0,0.0,0.0,4.37576,4.35
1447,1639576522,480.0,0.0,0.0,4.37576,4.35
1448,1639576522,490.0,0.0,0.0,4.37576,4.35
1449,1639576523,486.0,0.0,0.0,4.37576,4.35
1450,1639576523,473.0,0.0,0.0,4.37576,4.35
1451,1639576523,460.0,0.0,0.0,4.37576,4.35
1452,1639576523,469.0,0.0,0.0,4.37576,4.35
1453,1639576523,471.0,0.0,0.0,4.37576,4.35
1454,1639576523,481.0,0.0,0.0,4.37576,4.35
1455,1639576523,484.0,0.0,0.0,4.37576,4.35
1456,1639576523,475.0,0.0,0.0,4.37576,4.35
1457,1639576523,486.0,0.0,0.0,4.37576,4.35
1458,1639576523,480.0,0.0,0.0,4.37576,4.35
1459,1639576523,477.0,0.0,0.0,4.37576,4.35
1460,1639576523,485.0,0.0,0.0,4.37576,5.48
1461,1639576523,480.0,0.0,0.0,5.5356,5.48
1462,1639576523,521.0,0.0,0.0,5.5356,5.48
1463,1639576523,505.0,0.0,0.0,5.5356,5.48
1464,1639576523,497.0,0.0,0.0,5.5356,5.48
1465,1639576524,495.0,0.0,0.0,5.5356,5.48
1466,1639576524,490.0,0.0,0.0,5.5356,5.48
1467,1639576524,490.0,0.0,0.0,5.5356,5.48
1468,1639576524,466.0,0.0,0.0,5.5356,5.48
1469,1639576524,450.0,0.0,0.0,5.5356,5.48
1470,1639576524,457.0,0.0,0.0,5.5356,5.48
1471,1639576524,452.0,0.0,0.0,5.5356,5.48
1472,1639576524,464.0,0.0,0.0,5.5356,5.48
1473,1639576524,453.0,0.0,0.0,5.5356,5.48
1474,1639576524,445.0,0.0,0.0,5.5356,5.48
1475,1639576524,474.0,0.0,0.0,5.5356,5.48
1476,1639576524,471.0,0.0,0.0,5.43016,5.52
1477,1639576524,464.0,0.0,0.0,5.43016,5.52
1478,1639576524,471.0,0.0,0.0,5.43016,5.52
1479,1639576524,457.0,0.0,0.0,5.43016,5.52
1480,1639576525,469.0,0.0,0.0,5.43016,5.52
1481,1639576525,479.0,0.0,0.0,5.43016,5.52
1482,1639576525,464.0,0.0,0.0,5.43016,5.52
1483,1639576525,460.0,0.0,0.0,5.43016,5.52
1484,1639576525,473.0,0.0,0.0,5.43016,5.52
1485,1639576525,476.0,0.0,0.0,5.43016,5.52
1486,1639576525,463.0,0.0,0.0,5.43016,5.52
1487,1639576525,474.0,0.0,0.0,5.43016,5.52
1488,1639576525,466.0,0.0,0.0,5.43016,5.52
1489,1639576525,460.0,0.0,0.0,5.43016,5.52
1490,1639576525,474.0,0.0,0.0,5.43016,5.52
1491,1639576525,463.0,0.0,0.0,5.43016,5.52
1492,1639576525,468.0,0.0,0.0,5.64104,5.46
1493,1639576525,480.0,0.0,0.0,5.64104,5.46
1494,1639576525,469.0,0.0,0.0,5.64104,5.46
1495,1639576525,479.0,0.0,0.0,5.64104,5.46
1496,1639576526,471.0,0.0,0.0,5.64104,5.46
1497,1639576526,473.0,0.0,0.0,5.64104,5.46
1498,1639576526,493.0,0.0,0.0,5.64104,5.46
1499,1639576526,477.0,0.0,0.0,5.64104,5.46
1500,1639576526,485.0,0.0,0.0,5.64104,5.46
1501,1639576526,485.0,0.0,0.0,5.64104,5.46
1502,1639576526,494.0,0.0,0.0,5.64104,5.46
1503,1639576526,491.0,0.0,0.0,5.64104,5.46
1504,1639576526,493.0,0.0,0.0,5.64104,5.46
1505,1639576526,484.0,0.0,0.0,5.64104,5.46
1506,1639576526,474.0,0.0,0.0,5.64104,5.46
1507,1639576526,498.0,0.0,0.0,5.64104,5.46
1508,1639576526,494.0,0.0,0.0,5.303632,5.3
1509,1639576526,495.0,0.0,0.0,5.303632,5.3
1510,1639576526,495.0,0.0,0.0,5.303632,5.3
1511,1639576526,474.0,0.0,0.0,5.303632,5.3
1512,1639576526,474.0,0.0,0.0,5.303632,5.3
1513,1639576527,483.0,0.0,0.0,5.303632,5.3
1514,1639576527,477.0,0.0,0.0,5.303632,5.3
1515,1639576527,477.0,0.0,0.0,5.303632,5.3
1516,1639576527,467.0,0.0,0.0,5.303632,5.3
1517,1639576527,461.0,0.0,0.0,5.303632,5.3
1518,1639576527,469.0,0.0,0.0,5.303632,5.3
1519,1639576527,488.0,0.0,0.0,5.303632,5.3
1520,1639576527,477.0,0.0,0.0,5.303632,5.3
1521,1639576527,459.0,0.0,0.0,5.303632,5.3
1522,1639576527,466.0,0.0,0.0,5.303632,5.3
1523,1639576527,453.0,0.0,0.0,5.303632,5.3
1524,1639576527,461.0,0.0,0.0,5.303632,5.3
1525,1639576527,458.0,0.0,0.0,5.303632,5.51
1526,1639576527,464.0,0.0,0.0,5.64104,5.51
1527,1639576527,454.0,0.0,0.0,5.64104,5.51
1528,1639576527,448.0,0.0,0.0,5.64104,5.51
1529,1639576527,447.0,0.0,0.0,5.64104,5.51
1530,1639576528,463.0,0.0,0.0,5.64104,5.51
1531,1639576528,458.0,0.0,0.0,5.64104,5.51
1532,1639576528,463.0,0.0,0.0,5.64104,5.51
1533,1639576528,472.0,0.0,0.0,5.64104,5.51
1534,1639576528,476.0,0.0,0.0,5.64104,5.51
1535,1639576528,470.0,0.0,0.0,5.64104,5.51
1536,1639576528,467.0,0.0,0.0,5.64104,5.51
1537,1639576528,460.0,0.0,0.0,5.64104,5.51
1538,1639576528,450.0,0.0,0.0,5.64104,5.51
1539,1639576528,457.0,0.0,0.0,5.64104,5.51
1540,1639576528,448.0,0.0,0.0,5.64104,5.51
1541,1639576528,463.0,0.0,0.0,5.64104,5.64
1542,1639576528,447.0,0.0,0.0,5.577776,5.64
1543,1639576528,463.0,0.0,0.0,5.577776,5.64
1544,1639576528,468.0,0.0,0.0,5.577776,5.64
1545,1639576528,469.0,0.0,0.0,5.577776,5.64
1546,1639576529,473.0,0.0,0.0,5.577776,5.64
1547,1639576529,465.0,0.0,0.0,5.577776,5.64
1548,1639576529,466.0,0.0,0.0,5.577776,5.64
1549,1639576529,462.0,0.0,0.0,5.577776,5.64
1550,1639576529,459.0,0.0,0.0,5.577776,5.64
1551,1639576529,437.0,0.0,0.0,5.577776,5.64
1552,1639576529,435.0,0.0,0.0,5.577776,5.64
1553,1639576529,443.0,0.0,0.0,5.577776,5.64
1554,1639576529,436.0,0.0,0.0,5.577776,5.64
1555,1639576529,434.0,0.0,0.0,5.577776,5.64
1556,1639576529,435.0,0.0,0.0,5.577776,5.64
1557,1639576529,437.0,0.0,0.0,5.577776,5.76
1558,1639576529,447.0,0.0,0.0,5.725392,5.76
1559,1639576529,428.0,0.0,0.0,5.725392,5.76
1560,1639576529,423.0,0.0,0.0,5.725392,5.76
1561,1639576529,430.0,0.0,0.0,5.725392,5.76
1562,1639576530,448.0,0.0,0.0,5.725392,5.76
1563,1639576530,466.0,0.0,0.0,5.725392,5.76
1564,1639576530,473.0,0.0,0.0,5.725392,5.76
1565,1639576530,459.0,0.0,0.0,5.725392,5.76
1566,1639576530,457.0,0.0,0.0,5.725392,5.76
1567,1639576530,456.0,0.0,0.0,5.725392,5.76
1568,1639576530,447.0,0.0,0.0,5.725392,5.76
1569,1639576530,430.0,0.0,0.0,5.725392,5.76
1570,1639576530,425.0,0.0,0.0,5.725392,5.76
1571,1639576530,421.0,0.0,0.0,5.725392,5.76
1572,1639576530,410.0,0.0,0.0,5.725392,5.76
1573,1639576530,413.0,0.0,0.0,5.725392,5.76
1574,1639576530,432.0,0.0,0.0,5.988992,5.87
1575,1639576530,438.0,0.0,0.0,5.988992,5.87
1576,1639576530,434.0,0.0,0.0,5.988992,5.87
1577,1639576530,426.0,0.0,0.0,5.988992,5.87
1578,1639576531,430.0,0.0,0.0,5.988992,5.87
1579,1639576531,426.0,0.0,0.0,5.988992,5.87
1580,1639576531,422.0,0.0,0.0,5.988992,5.87
1581,1639576531,430.0,0.0,0.0,5.988992,5.87
1582,1639576531,426.0,0.0,0.0,5.988992,5.87
1583,1639576531,430.0,0.0,0.0,5.988992,5.87
1584,1639576531,438.0,0.0,0.0,5.988992,5.87
1585,1639576531,443.0,0.0,0.0,5.988992,5.87
1586,1639576531,452.0,0.0,0.0,5.988992,5.87
1587,1639576531,451.0,0.0,0.0,5.988992,5.87
1588,1639576531,457.0,0.0,0.0,5.988992,5.86
1589,1639576531,466.0,0.0,0.0,6.020624,5.86
1590,1639576531,465.0,0.0,0.0,6.020624,5.86
1591,1639576531,463.0,0.0,0.0,6.020624,5.86
1592,1639576531,450.0,0.0,0.0,6.020624,5.86
1593,1639576532,448.0,0.0,0.0,6.020624,5.86
1594,1639576532,447.0,0.0,0.0,6.020624,5.86
1595,1639576532,437.0,0.0,0.0,6.020624,5.86
1596,1639576532,486.0,0.0,0.0,6.020624,5.86
1597,1639576532,460.0,0.0,0.0,6.020624,5.86
1598,1639576532,500.0,0.0,0.0,6.020624,5.86
1599,1639576532,539.0,0.0,0.0,6.020624,5.86
1600,1639576532,590.0,0.0,0.0,6.020624,5.86
1601,1639576532,624.0,0.0,0.0,6.020624,5.86
1602,1639576532,642.0,0.0,0.0,6.020624,5.86
1603,1639576532,686.0,0.0,0.0,6.020624,5.86
1604,1639576532,690.0,0.0,0.0,6.020624,4.45
1605,1639576532,681.0,0.0,0.0,4.386304,4.45
1606,1639576532,688.0,0.0,0.0,4.386304,4.45
1607,1639576532,699.0,0.0,0.0,4.386304,4.45
1608,1639576532,701.0,0.0,0.0,4.386304,4.45
1609,1639576533,731.0,0.0,0.0,4.386304,4.45
1610,1639576533,659.0,0.0,0.0,4.386304,4.45
1611,1639576533,562.0,0.0,0.0,4.386304,4.45
1612,1639576533,521.0,0.0,0.0,4.386304,4.45
1613,1639576533,522.0,0.0,0.0,4.386304,4.45
1614,1639576533,514.0,0.0,0.0,4.386304,4.45
1615,1639576533,501.0,0.0,0.0,4.386304,4.45
1616,1639576533,486.0,0.0,0.0,4.386304,4.45
1617,1639576533,483.0,0.0,0.0,4.386304,4.45
1618,1639576533,470.0,0.0,0.0,4.386304,4.45
1619,1639576533,477.0,0.0,0.0,4.386304,4.45
1620,1639576533,472.0,0.0,0.0,4.386304,4.45
1621,1639576533,482.0,0.0,0.0,4.386304,5.15
1622,1639576533,474.0,0.0,0.0,5.261456,5.15
1623,1639576533,481.0,0.0,0.0,5.261456,5.15
1624,1639576533,480.0,0.0,0.0,5.261456,5.15
1625,1639576534,482.0,0.0,0.0,5.261456,5.15
1626,1639576534,494.0,0.0,0.0,5.261456,5.15
1627,1639576534,488.0,0.0,0.0,5.261456,5.15
1628,1639576534,473.0,0.0,0.0,5.261456,5.15
1629,1639576534,465.0,0.0,0.0,5.261456,5.15
1630,1639576534,477.0,0.0,0.0,5.261456,5.15
1631,1639576534,466.0,0.0,0.0,5.261456,5.15
1632,1639576534,472.0,0.0,0.0,5.261456,5.15
1633,1639576534,476.0,0.0,0.0,5.261456,5.15
1634,1639576534,486.0,0.0,0.0,5.261456,5.15
1635,1639576534,488.0,0.0,0.0,5.261456,5.15
1636,1639576534,500.0,0.0,0.0,5.261456,5.15
1637,1639576534,499.0,0.0,0.0,5.261456,5.15
1638,1639576534,513.0,0.0,0.0,5.177104,5.33
1639,1639576534,543.0,0.0,0.0,5.177104,5.33
1640,1639576534,524.0,0.0,0.0,5.177104,5.33
1641,1639576534,521.0,0.0,0.0,5.177104,5.33
1642,1639576535,538.0,0.0,0.0,5.177104,5.33
1643,1639576535,496.0,0.0,0.0,5.177104,5.33
1644,1639576535,501.0,0.0,0.0,5.177104,5.33
1645,1639576535,491.0,0.0,0.0,5.177104,5.33
1646,1639576535,494.0,0.0,0.0,5.177104,5.33
1647,1639576535,477.0,0.0,0.0,5.177104,5.33
1648,1639576535,495.0,0.0,0.0,5.177104,5.33
1649,1639576535,468.0,0.0,0.0,5.177104,5.33
1650,1639576535,478.0,0.0,0.0,5.177104,5.33
1651,1639576535,493.0,0.0,0.0,5.177104,5.33
1652,1639576535,490.0,0.0,0.0,5.177104,5.33
1653,1639576535,496.0,0.0,0.0,5.177104,5.16
1654,1639576535,504.0,0.0,0.0,5.335264,5.16
1655,1639576535,507.0,0.0,0.0,5.335264,5.16
1656,1639576535,500.0,0.0,0.0,5.335264,5.16
1657,1639576535,494.0,0.0,0.0,5.335264,5.16
1658,1639576536,485.0,0.0,0.0,5.335264,5.16
1659,1639576536,501.0,0.0,0.0,5.335264,5.16
1660,1639576536,507.0,0.0,0.0,5.335264,5.16
1661,1639576536,512.0,0.0,0.0,5.335264,5.16
1662,1639576536,517.0,0.0,0.0,5.335264,5.16
1663,1639576536,525.0,0.0,0.0,5.335264,5.16
1664,1639576536,524.0,0.0,0.0,5.335264,5.16
1665,1639576536,511.0,0.0,0.0,5.335264,5.16
1666,1639576536,515.0,0.0,0.0,5.335264,5.16
1667,1639576536,542.0,0.0,0.0,5.335264,5.16
1668,1639576536,539.0,0.0,0.0,5.335264,5.16
1669,1639576536,532.0,0.0,0.0,5.335264,5.16
1670,1639576536,515.0,0.0,0.0,5.335264,5.01
1671,1639576536,516.0,0.0,0.0,5.050576,5.01
1672,1639576536,506.0,0.0,0.0,5.050576,5.01
1673,1639576536,522.0,0.0,0.0,5.050576,5.01
1674,1639576537,499.0,0.0,0.0,5.050576,5.01
1675,1639576537,481.0,0.0,0.0,5.050576,5.01
1676,1639576537,469.0,0.0,0.0,5.050576,5.01
1677,1639576537,483.0,0.0,0.0,5.050576,5.01
1678,1639576537,460.0,0.0,0.0,5.050576,5.01
1679,1639576537,453.0,0.0,0.0,5.050576,5.01
1680,1639576537,470.0,0.0,0.0,5.050576,5.01
1681,1639576537,436.0,0.0,0.0,5.050576,5.01
1682,1639576537,446.0,0.0,0.0,5.050576,5.01
1683,1639576537,456.0,0.0,0.0,5.050576,5.01
1684,1639576537,438.0,0.0,0.0,5.050576,5.01
1685,1639576537,443.0,0.0,0.0,5.050576,5.01
1686,1639576537,467.0,0.0,0.0,5.050576,5.62
1687,1639576537,460.0,0.0,0.0,5.630496,5.62
1688,1639576537,471.0,0.0,0.0,5.630496,5.62
1689,1639576537,467.0,0.0,0.0,5.630496,5.62
1690,1639576538,473.0,0.0,0.0,5.630496,5.62
1691,1639576538,478.0,0.0,0.0,5.630496,5.62
1692,1639576538,473.0,0.0,0.0,5.630496,5.62
1693,1639576538,499.0,0.0,0.0,5.630496,5.62
1694,1639576538,482.0,0.0,0.0,5.630496,5.62
1695,1639576538,490.0,0.0,0.0,5.630496,5.62
1696,1639576538,488.0,0.0,0.0,5.630496,5.62
1697,1639576538,492.0,0.0,0.0,5.630496,5.62
1698,1639576538,484.0,0.0,0.0,5.630496,5.62
1699,1639576538,500.0,0.0,0.0,5.630496,5.62
1700,1639576538,507.0,0.0,0.0,5.630496,5.62
1701,1639576538,509.0,0.0,0.0,5.630496,5.62
1702,1639576538,503.0,0.0,0.0,5.630496,5.2
1703,1639576538,498.0,0.0,0.0,5.303632,5.2
1704,1639576538,493.0,0.0,0.0,5.303632,5.2
1705,1639576538,487.0,0.0,0.0,5.303632,5.2
1706,1639576538,503.0,0.0,0.0,5.303632,5.2
1707,1639576539,504.0,0.0,0.0,5.303632,5.2
1708,1639576539,507.0,0.0,0.0,5.303632,5.2
1709,1639576539,497.0,0.0,0.0,5.303632,5.2
1710,1639576539,495.0,0.0,0.0,5.303632,5.2
1711,1639576539,492.0,0.0,0.0,5.303632,5.2
1712,1639576539,487.0,0.0,0.0,5.303632,5.2
1713,1639576539,498.0,0.0,0.0,5.303632,5.2
1714,1639576539,519.0,0.0,0.0,5.303632,5.2
1715,1639576539,499.0,0.0,0.0,5.303632,5.2
1716,1639576539,487.0,0.0,0.0,5.303632,5.2
1717,1639576539,479.0,0.0,0.0,5.303632,5.2
1718,1639576539,483.0,0.0,0.0,5.303632,5.2
1719,1639576539,492.0,0.0,0.0,5.303632,5.32
1720,1639576539,493.0,0.0,0.0,5.240368,5.32
1721,1639576539,479.0,0.0,0.0,5.240368,5.32
1722,1639576539,482.0,0.0,0.0,5.240368,5.32
1723,1639576540,480.0,0.0,0.0,5.240368,5.32
1724,1639576540,477.0,0.0,0.0,5.240368,5.32
1725,1639576540,504.0,0.0,0.0,5.240368,5.32
1726,1639576540,498.0,0.0,0.0,5.240368,5.32
1727,1639576540,488.0,0.0,0.0,5.240368,5.32
1728,1639576540,477.0,0.0,0.0,5.240368,5.32
1729,1639576540,498.0,0.0,0.0,5.240368,5.32
1730,1639576540,499.0,0.0,0.0,5.240368,5.32
1731,1639576540,493.0,0.0,0.0,5.240368,5.32
1732,1639576540,499.0,0.0,0.0,5.240368,5.32
1733,1639576540,527.0,0.0,0.0,5.240368,5.32
1734,1639576540,506.0,0.0,0.0,5.240368,5.32
1735,1639576540,491.0,0.0,0.0,5.240368,5.1
1736,1639576540,512.0,0.0,0.0,5.240368,5.1
1737,1639576540,501.0,0.0,0.0,5.240368,5.1
1738,1639576541,518.0,0.0,0.0,5.240368,5.1
1739,1639576541,530.0,0.0,0.0,5.240368,5.1
1740,1639576541,530.0,0.0,0.0,5.240368,5.1
1741,1639576541,524.0,0.0,0.0,5.240368,5.1
1742,1639576541,517.0,0.0,0.0,5.240368,5.1
1743,1639576541,519.0,0.0,0.0,5.240368,5.1
1744,1639576541,525.0,0.0,0.0,5.240368,5.1
1745,1639576541,526.0,0.0,0.0,5.240368,5.1
1746,1639576541,512.0,0.0,0.0,5.240368,5.1
1747,1639576541,516.0,0.0,0.0,5.240368,5.1
1748,1639576541,519.0,0.0,0.0,5.240368,5.1
1749,1639576541,518.0,0.0,0.0,5.240368,5.1
1750,1639576541,514.0,0.0,0.0,5.240368,4.97
1751,1639576541,522.0,0.0,0.0,5.240368,4.97
1752,1639576541,525.0,0.0,0.0,5.029488,4.97
1753,1639576541,515.0,0.0,0.0,5.029488,4.97
1754,1639576541,514.0,0.0,0.0,5.029488,4.97
1755,1639576542,509.0,0.0,0.0,5.029488,4.97
1756,1639576542,507.0,0.0,0.0,5.029488,4.97
1757,1639576542,519.0,0.0,0.0,5.029488,4.97
1758,1639576542,512.0,0.0,0.0,5.029488,4.97
1759,1639576542,517.0,0.0,0.0,5.029488,4.97
1760,1639576542,518.0,0.0,0.0,5.029488,4.97
1761,1639576542,504.0,0.0,0.0,5.029488,4.97
1762,1639576542,496.0,0.0,0.0,5.029488,4.97
1763,1639576542,479.0,0.0,0.0,5.029488,4.97
1764,1639576542,550.0,0.0,0.0,5.029488,4.97
1765,1639576542,602.0,0.0,0.0,5.029488,4.97
1766,1639576542,678.0,0.0,0.0,5.029488,4.57
1767,1639576542,673.0,0.0,0.0,4.365216,4.57
1768,1639576542,676.0,0.0,0.0,4.365216,4.57
1769,1639576543,681.0,0.0,0.0,4.365216,4.57
1770,1639576543,680.0,0.0,0.0,4.365216,4.57
1771,1639576543,689.0,0.0,0.0,4.365216,4.57
1772,1639576543,689.0,0.0,0.0,4.365216,4.57
1773,1639576543,715.0,0.0,0.0,4.365216,4.57
1774,1639576543,662.0,0.0,0.0,4.365216,4.57
1775,1639576543,522.0,0.0,0.0,4.365216,4.57
1776,1639576543,497.0,0.0,0.0,4.365216,4.57
1777,1639576543,507.0,0.0,0.0,4.365216,4.57
1778,1639576543,491.0,0.0,0.0,4.365216,4.57
1779,1639576543,495.0,0.0,0.0,4.365216,4.57
1780,1639576543,501.0,0.0,0.0,4.365216,4.57
1781,1639576543,506.0,0.0,0.0,4.365216,4.57
1782,1639576543,496.0,0.0,0.0,4.365216,4.82
1783,1639576543,508.0,0.0,0.0,5.040032,4.82
1784,1639576543,506.0,0.0,0.0,5.040032,4.82
1785,1639576543,526.0,0.0,0.0,5.040032,4.82
1786,1639576543,537.0,0.0,0.0,5.040032,4.82
1787,1639576544,540.0,0.0,0.0,5.040032,4.82
1788,1639576544,532.0,0.0,0.0,5.040032,4.82
1789,1639576544,540.0,0.0,0.0,5.040032,4.82
1790,1639576544,536.0,0.0,0.0,5.040032,4.82
1791,1639576544,543.0,0.0,0.0,5.040032,4.82
1792,1639576544,553.0,0.0,0.0,5.040032,4.82
1793,1639576544,547.0,0.0,0.0,5.040032,4.82
1794,1639576544,544.0,0.0,0.0,5.040032,4.82
1795,1639576544,544.0,0.0,0.0,5.040032,4.82
1796,1639576544,552.0,0.0,0.0,5.040032,4.82
1797,1639576544,556.0,0.0,0.0,5.040032,4.82
1798,1639576544,547.0,0.0,0.0,5.040032,4.82
1799,1639576544,567.0,0.0,0.0,5.040032,4.57
1800,1639576544,559.0,0.0,0.0,4.681536,4.57
1801,1639576544,572.0,0.0,0.0,4.681536,4.57
1802,1639576544,582.0,0.0,0.0,4.681536,4.57
1803,1639576545,562.0,0.0,0.0,4.681536,4.57
1804,1639576545,563.0,0.0,0.0,4.681536,4.57
1805,1639576545,573.0,0.0,0.0,4.681536,4.57
1806,1639576545,567.0,0.0,0.0,4.681536,4.57
1807,1639576545,550.0,0.0,0.0,4.681536,4.57
1808,1639576545,554.0,0.0,0.0,4.681536,4.57
1809,1639576545,560.0,0.0,0.0,4.681536,4.57
1810,1639576545,554.0,0.0,0.0,4.681536,4.57
1811,1639576545,554.0,0.0,0.0,4.681536,4.57
1812,1639576545,560.0,0.0,0.0,4.681536,4.57
1813,1639576545,540.0,0.0,0.0,4.681536,4.57
1814,1639576545,522.0,0.0,0.0,4.681536,4.57
1815,1639576545,534.0,0.0,0.0,4.681536,4.87
1816,1639576545,545.0,0.0,0.0,4.755344,4.87
1817,1639576545,539.0,0.0,0.0,4.755344,4.87
1818,1639576545,520.0,0.0,0.0,4.755344,4.87
1819,1639576546,519.0,0.0,0.0,4.755344,4.87
1820,1639576546,513.0,0.0,0.0,4.755344,4.87
1821,1639576546,512.0,0.0,0.0,4.755344,4.87
1822,1639576546,528.0,0.0,0.0,4.755344,4.87
1823,1639576546,537.0,0.0,0.0,4.755344,4.87
1824,1639576546,521.0,0.0,0.0,4.755344,4.87
1825,1639576546,517.0,0.0,0.0,4.755344,4.87
1826,1639576546,528.0,0.0,0.0,4.755344,4.87
1827,1639576546,526.0,0.0,0.0,4.755344,4.87
1828,1639576546,523.0,0.0,0.0,4.755344,4.87
1829,1639576546,530.0,0.0,0.0,4.755344,4.87
1830,1639576546,534.0,0.0,0.0,4.755344,4.87
1831,1639576546,533.0,0.0,0.0,4.755344,4.83
1832,1639576546,530.0,0.0,0.0,4.945136,4.83
1833,1639576546,533.0,0.0,0.0,4.945136,4.83
1834,1639576546,530.0,0.0,0.0,4.945136,4.83
1835,1639576547,527.0,0.0,0.0,4.945136,4.83
1836,1639576547,528.0,0.0,0.0,4.945136,4.83
1837,1639576547,534.0,0.0,0.0,4.945136,4.83
1838,1639576547,525.0,0.0,0.0,4.945136,4.83
1839,1639576547,533.0,0.0,0.0,4.945136,4.83
1840,1639576547,550.0,0.0,0.0,4.945136,4.83
1841,1639576547,541.0,0.0,0.0,4.945136,4.83
1842,1639576547,530.0,0.0,0.0,4.945136,4.83
1843,1639576547,533.0,0.0,0.0,4.945136,4.83
1844,1639576547,518.0,0.0,0.0,4.945136,4.83
1845,1639576547,535.0,0.0,0.0,4.945136,4.83
1846,1639576547,529.0,0.0,0.0,4.945136,4.83
1847,1639576547,541.0,0.0,0.0,4.945136,4.99
1848,1639576547,527.0,0.0,0.0,4.966224,4.99
1849,1639576547,530.0,0.0,0.0,4.966224,4.99
1850,1639576547,521.0,0.0,0.0,4.966224,4.99
1851,1639576548,523.0,0.0,0.0,4.966224,4.99
1852,1639576548,521.0,0.0,0.0,4.966224,4.99
1853,1639576548,520.0,0.0,0.0,4.966224,4.99
1854,1639576548,518.0,0.0,0.0,4.966224,4.99
1855,1639576548,523.0,0.0,0.0,4.966224,4.99
1856,1639576548,503.0,0.0,0.0,4.966224,4.99
1857,1639576548,485.0,0.0,0.0,4.966224,4.99
1858,1639576548,518.0,0.0,0.0,4.966224,4.99
1859,1639576548,508.0,0.0,0.0,4.966224,4.99
1860,1639576548,500.0,0.0,0.0,4.966224,4.99
1861,1639576548,491.0,0.0,0.0,4.966224,4.99
1862,1639576548,493.0,0.0,0.0,4.966224,4.99
1863,1639576548,482.0,0.0,0.0,4.966224,5.08
1864,1639576548,483.0,0.0,0.0,5.156016,5.08
1865,1639576548,490.0,0.0,0.0,5.156016,5.08
1866,1639576548,517.0,0.0,0.0,5.156016,5.08
1867,1639576549,510.0,0.0,0.0,5.156016,5.08
1868,1639576549,510.0,0.0,0.0,5.156016,5.08
1869,1639576549,518.0,0.0,0.0,5.156016,5.08
1870,1639576549,512.0,0.0,0.0,5.156016,5.08
1871,1639576549,518.0,0.0,0.0,5.156016,5.08
1872,1639576549,517.0,0.0,0.0,5.156016,5.08
1873,1639576549,548.0,0.0,0.0,5.156016,5.08
1874,1639576549,512.0,0.0,0.0,5.156016,5.08
1875,1639576549,506.0,0.0,0.0,5.156016,5.08
1876,1639576549,526.0,0.0,0.0,5.156016,5.08
1877,1639576549,530.0,0.0,0.0,5.156016,5.08
1878,1639576549,524.0,0.0,0.0,5.156016,5.08
1879,1639576549,523.0,0.0,0.0,5.156016,4.96
1880,1639576549,527.0,0.0,0.0,4.966224,4.96
1881,1639576549,502.0,0.0,0.0,4.966224,4.96
1882,1639576550,547.0,0.0,0.0,4.966224,4.96
1883,1639576550,530.0,0.0,0.0,4.966224,4.96
1884,1639576550,527.0,0.0,0.0,4.966224,4.96
1885,1639576550,525.0,0.0,0.0,4.966224,4.96
1886,1639576550,536.0,0.0,0.0,4.966224,4.96
1887,1639576550,518.0,0.0,0.0,4.966224,4.96
1888,1639576550,521.0,0.0,0.0,4.966224,4.96
1889,1639576550,530.0,0.0,0.0,4.966224,4.96
1890,1639576550,524.0,0.0,0.0,4.966224,4.96
1891,1639576550,523.0,0.0,0.0,4.966224,4.96
1892,1639576550,516.0,0.0,0.0,4.966224,4.96
1893,1639576550,504.0,0.0,0.0,4.966224,4.96
1894,1639576550,519.0,0.0,0.0,4.966224,4.9
1895,1639576550,513.0,0.0,0.0,4.966224,4.9
1896,1639576550,504.0,0.0,0.0,4.966224,4.9
1897,1639576550,512.0,0.0,0.0,4.966224,4.9
1898,1639576551,508.0,0.0,0.0,4.966224,4.9
1899,1639576551,513.0,0.0,0.0,4.966224,4.9
1900,1639576551,509.0,0.0,0.0,4.966224,4.9
1901,1639576551,529.0,0.0,0.0,4.966224,4.9
1902,1639576551,530.0,0.0,0.0,4.966224,4.9
1903,1639576551,506.0,0.0,0.0,4.966224,4.9
1904,1639576551,502.0,0.0,0.0,4.966224,4.9
1905,1639576551,504.0,0.0,0.0,4.966224,4.9
1906,1639576551,481.0,0.0,0.0,4.966224,4.9
1907,1639576551,478.0,0.0,0.0,4.966224,4.9
1908,1639576551,498.0,0.0,0.0,4.966224,4.9
1909,1639576551,480.0,0.0,0.0,4.966224,4.9
1910,1639576551,496.0,0.0,0.0,4.966224,4.9
1911,1639576551,497.0,0.0,0.0,4.966224,5.22
1912,1639576551,510.0,0.0,0.0,5.187648,5.22
1913,1639576551,528.0,0.0,0.0,5.187648,5.22
1914,1639576551,521.0,0.0,0.0,5.187648,5.22
1915,1639576552,509.0,0.0,0.0,5.187648,5.22
1916,1639576552,498.0,0.0,0.0,5.187648,5.22
1917,1639576552,489.0,0.0,0.0,5.187648,5.22
1918,1639576552,498.0,0.0,0.0,5.187648,5.22
1919,1639576552,507.0,0.0,0.0,5.187648,5.22
1920,1639576552,496.0,0.0,0.0,5.187648,5.22
1921,1639576552,494.0,0.0,0.0,5.187648,5.22
1922,1639576552,472.0,0.0,0.0,5.187648,5.22
1923,1639576552,478.0,0.0,0.0,5.187648,5.22
1924,1639576552,488.0,0.0,0.0,5.187648,5.22
1925,1639576552,500.0,0.0,0.0,5.187648,5.22
1926,1639576552,501.0,0.0,0.0,5.187648,5.22
1927,1639576552,486.0,0.0,0.0,5.187648,5.25
1928,1639576552,530.0,0.0,0.0,5.366896,5.25
1929,1639576552,573.0,0.0,0.0,5.366896,5.25
1930,1639576553,626.0,0.0,0.0,5.366896,5.25
1931,1639576553,665.0,0.0,0.0,5.366896,5.25
1932,1639576553,699.0,0.0,0.0,5.366896,5.25
1933,1639576553,695.0,0.0,0.0,5.366896,5.25
1934,1639576553,685.0,0.0,0.0,5.366896,5.25
1935,1639576553,697.0,0.0,0.0,5.366896,5.25
1936,1639576553,706.0,0.0,0.0,5.366896,5.25
1937,1639576553,735.0,0.0,0.0,5.366896,5.25
1938,1639576553,765.0,0.0,0.0,5.366896,5.25
1939,1639576553,745.0,0.0,0.0,5.366896,5.25
1940,1639576553,570.0,0.0,0.0,5.366896,5.25
1941,1639576553,574.0,0.0,0.0,5.366896,5.25
1942,1639576553,591.0,0.0,0.0,5.366896,3.75
1943,1639576553,600.0,0.0,0.0,3.711488,3.75
1944,1639576553,571.0,0.0,0.0,3.711488,3.75
1945,1639576554,574.0,0.0,0.0,3.711488,3.75
1946,1639576554,572.0,0.0,0.0,3.711488,3.75
1947,1639576554,568.0,0.0,0.0,3.711488,3.75
1948,1639576554,564.0,0.0,0.0,3.711488,3.75
1949,1639576554,564.0,0.0,0.0,3.711488,3.75
1950,1639576554,548.0,0.0,0.0,3.711488,3.75
1951,1639576554,550.0,0.0,0.0,3.711488,3.75
1952,1639576554,544.0,0.0,0.0,3.711488,3.75
1953,1639576554,540.0,0.0,0.0,3.711488,3.75
1954,1639576554,543.0,0.0,0.0,3.711488,3.75
1955,1639576554,540.0,0.0,0.0,3.711488,3.75
1956,1639576554,553.0,0.0,0.0,3.711488,3.75
1957,1639576554,560.0,0.0,0.0,3.711488,4.69
1958,1639576554,576.0,0.0,0.0,4.765888,4.69
1959,1639576554,552.0,0.0,0.0,4.765888,4.69
1960,1639576554,547.0,0.0,0.0,4.765888,4.69
1961,1639576555,553.0,0.0,0.0,4.765888,4.69
1962,1639576555,545.0,0.0,0.0,4.765888,4.69
1963,1639576555,529.0,0.0,0.0,4.765888,4.69
1964,1639576555,529.0,0.0,0.0,4.765888,4.69
1965,1639576555,518.0,0.0,0.0,4.765888,4.69
1966,1639576555,504.0,0.0,0.0,4.765888,4.69
1967,1639576555,518.0,0.0,0.0,4.765888,4.69
1968,1639576555,513.0,0.0,0.0,4.765888,4.69
1969,1639576555,516.0,0.0,0.0,4.765888,4.69
1970,1639576555,513.0,0.0,0.0,4.765888,4.69
1971,1639576555,512.0,0.0,0.0,4.765888,4.69
1972,1639576555,502.0,0.0,0.0,4.765888,4.69
1973,1639576555,517.0,0.0,0.0,4.765888,4.69
1974,1639576555,511.0,0.0,0.0,4.765888,5.04
1975,1639576555,537.0,0.0,0.0,5.124384,5.04
1976,1639576555,534.0,0.0,0.0,5.124384,5.04
1977,1639576556,525.0,0.0,0.0,5.124384,5.04
1978,1639576556,520.0,0.0,0.0,5.124384,5.04
1979,1639576556,509.0,0.0,0.0,5.124384,5.04
1980,1639576556,519.0,0.0,0.0,5.124384,5.04
1981,1639576556,514.0,0.0,0.0,5.124384,5.04
1982,1639576556,513.0,0.0,0.0,5.124384,5.04
1983,1639576556,503.0,0.0,0.0,5.124384,5.04
1984,1639576556,490.0,0.0,0.0,5.124384,5.04
1985,1639576556,490.0,0.0,0.0,5.124384,5.04
1986,1639576556,495.0,0.0,0.0,5.124384,5.04
1987,1639576556,493.0,0.0,0.0,5.124384,5.04
1988,1639576556,493.0,0.0,0.0,5.124384,5.04
1989,1639576556,493.0,0.0,0.0,5.124384,5.04
1990,1639576556,482.0,0.0,0.0,5.124384,5.16
1991,1639576556,477.0,0.0,0.0,5.229824,5.16
1992,1639576556,481.0,0.0,0.0,5.229824,5.16
1993,1639576557,478.0,0.0,0.0,5.229824,5.16
1994,1639576557,471.0,0.0,0.0,5.229824,5.16
1995,1639576557,477.0,0.0,0.0,5.229824,5.16
1996,1639576557,481.0,0.0,0.0,5.229824,5.16
1997,1639576557,479.0,0.0,0.0,5.229824,5.16
1998,1639576557,483.0,0.0,0.0,5.229824,5.16
1999,1639576557,502.0,0.0,0.0,5.229824,5.16
2000,1639576557,508.0,0.0,0.0,5.229824,5.16
2001,1639576557,497.0,0.0,0.0,5.229824,5.16
2002,1639576557,487.0,0.0,0.0,5.229824,5.16
2003,1639576557,485.0,0.0,0.0,5.229824,5.16
2004,1639576557,482.0,0.0,0.0,5.229824,5.16
2005,1639576557,469.0,0.0,0.0,5.229824,5.16
2006,1639576557,488.0,0.0,0.0,5.229824,5.16
2007,1639576557,494.0,0.0,0.0,5.229824,5.3
2008,1639576557,470.0,0.0,0.0,5.229824,5.3
2009,1639576557,476.0,0.0,0.0,5.32472,5.3
2010,1639576558,479.0,0.0,0.0,5.32472,5.3
2011,1639576558,477.0,0.0,0.0,5.32472,5.3
2012,1639576558,471.0,0.0,0.0,5.32472,5.3
2013,1639576558,480.0,0.0,0.0,5.32472,5.3
2014,1639576558,505.0,0.0,0.0,5.32472,5.3
2015,1639576558,472.0,0.0,0.0,5.32472,5.3
2016,1639576558,476.0,0.0,0.0,5.32472,5.3
2017,1639576558,485.0,0.0,0.0,5.32472,5.3
2018,1639576558,471.0,0.0,0.0,5.32472,5.3
2019,1639576558,479.0,0.0,0.0,5.32472,5.3
2020,1639576558,479.0,0.0,0.0,5.32472,5.3
2021,1639576558,485.0,0.0,0.0,5.32472,5.3
2022,1639576558,482.0,0.0,0.0,5.32472,5.3
2023,1639576558,488.0,0.0,0.0,5.32472,5.37
2024,1639576558,496.0,0.0,0.0,5.440704,5.37
2025,1639576558,496.0,0.0,0.0,5.440704,5.37
2026,1639576559,499.0,0.0,0.0,5.440704,5.37
2027,1639576559,508.0,0.0,0.0,5.440704,5.37
2028,1639576559,504.0,0.0,0.0,5.440704,5.37
2029,1639576559,516.0,0.0,0.0,5.440704,5.37
2030,1639576559,519.0,0.0,0.0,5.440704,5.37
2031,1639576559,515.0,0.0,0.0,5.440704,5.37
2032,1639576559,505.0,0.0,0.0,5.440704,5.37
2033,1639576559,528.0,0.0,0.0,5.440704,5.37
2034,1639576559,523.0,0.0,0.0,5.440704,5.37
2035,1639576559,528.0,0.0,0.0,5.440704,5.37
2036,1639576559,527.0,0.0,0.0,5.440704,5.37
2037,1639576559,531.0,0.0,0.0,5.440704,5.37
2038,1639576559,522.0,0.0,0.0,5.440704,5.37
2039,1639576559,523.0,0.0,0.0,5.440704,5.37
2040,1639576559,511.0,0.0,0.0,5.440704,4.99
2041,1639576559,497.0,0.0,0.0,5.440704,4.99
2042,1639576559,490.0,0.0,0.0,5.092752,4.99
2043,1639576560,499.0,0.0,0.0,5.092752,4.99
2044,1639576560,502.0,0.0,0.0,5.092752,4.99
2045,1639576560,504.0,0.0,0.0,5.092752,4.99
2046,1639576560,495.0,0.0,0.0,5.092752,4.99
2047,1639576560,501.0,0.0,0.0,5.092752,4.99
2048,1639576560,490.0,0.0,0.0,5.092752,4.99
2049,1639576560,493.0,0.0,0.0,5.092752,4.99
2050,1639576560,510.0,0.0,0.0,5.092752,4.99
2051,1639576560,504.0,0.0,0.0,5.092752,4.99
2052,1639576560,499.0,0.0,0.0,5.092752,4.99
2053,1639576560,492.0,0.0,0.0,5.092752,4.99
2054,1639576560,483.0,0.0,0.0,5.092752,4.99
2055,1639576560,481.0,0.0,0.0,5.092752,4.99
2056,1639576560,491.0,0.0,0.0,5.092752,4.99
2057,1639576560,503.0,0.0,0.0,5.092752,5.23
2058,1639576560,489.0,0.0,0.0,5.092752,5.23
2059,1639576560,492.0,0.0,0.0,5.187648,5.23
2060,1639576561,510.0,0.0,0.0,5.187648,5.23
2061,1639576561,521.0,0.0,0.0,5.187648,5.23
2062,1639576561,514.0,0.0,0.0,5.187648,5.23
2063,1639576561,512.0,0.0,0.0,5.187648,5.23
2064,1639576561,499.0,0.0,0.0,5.187648,5.23
2065,1639576561,505.0,0.0,0.0,5.187648,5.23
2066,1639576561,502.0,0.0,0.0,5.187648,5.23
2067,1639576561,516.0,0.0,0.0,5.187648,5.23
2068,1639576561,502.0,0.0,0.0,5.187648,5.23
2069,1639576561,497.0,0.0,0.0,5.187648,5.23
2070,1639576561,510.0,0.0,0.0,5.187648,5.23
2071,1639576561,506.0,0.0,0.0,5.187648,5.23
2072,1639576561,491.0,0.0,0.0,5.187648,5.23
2073,1639576561,504.0,0.0,0.0,5.187648,5.03
2074,1639576561,503.0,0.0,0.0,5.187648,5.03
2075,1639576561,510.0,0.0,0.0,5.11384,5.03
2076,1639576561,512.0,0.0,0.0,5.11384,5.03
2077,1639576562,508.0,0.0,0.0,5.11384,5.03
2078,1639576562,490.0,0.0,0.0,5.11384,5.03
2079,1639576562,486.0,0.0,0.0,5.11384,5.03
2080,1639576562,493.0,0.0,0.0,5.11384,5.03
2081,1639576562,488.0,0.0,0.0,5.11384,5.03
2082,1639576562,493.0,0.0,0.0,5.11384,5.03
2083,1639576562,503.0,0.0,0.0,5.11384,5.03
2084,1639576562,496.0,0.0,0.0,5.11384,5.03
2085,1639576562,499.0,0.0,0.0,5.11384,5.03
2086,1639576562,504.0,0.0,0.0,5.11384,5.03
2087,1639576562,510.0,0.0,0.0,5.11384,5.03
2088,1639576562,509.0,0.0,0.0,5.11384,5.03
2089,1639576562,519.0,0.0,0.0,5.11384,5.15
2090,1639576562,517.0,0.0,0.0,5.11384,5.15
2091,1639576562,512.0,0.0,0.0,5.208736,5.15
2092,1639576563,519.0,0.0,0.0,5.208736,5.15
2093,1639576563,511.0,0.0,0.0,5.208736,5.15
2094,1639576563,538.0,0.0,0.0,5.208736,5.15
2095,1639576563,581.0,0.0,0.0,5.208736,5.15
2096,1639576563,632.0,0.0,0.0,5.208736,5.15
2097,1639576563,666.0,0.0,0.0,5.208736,5.15
2098,1639576563,689.0,0.0,0.0,5.208736,5.15
2099,1639576563,708.0,0.0,0.0,5.208736,5.15
2100,1639576563,718.0,0.0,0.0,5.208736,5.15
2101,1639576563,716.0,0.0,0.0,5.208736,5.15
2102,1639576563,703.0,0.0,0.0,5.208736,5.15
2103,1639576563,672.0,0.0,0.0,5.208736,5.15
2104,1639576563,681.0,0.0,0.0,5.208736,5.15
2105,1639576563,693.0,0.0,0.0,5.208736,5.15
2106,1639576563,632.0,0.0,0.0,5.208736,4.21
2107,1639576563,474.0,0.0,0.0,5.208736,4.21
2108,1639576563,473.0,0.0,0.0,4.207056,4.21
2109,1639576564,474.0,0.0,0.0,4.207056,4.21
2110,1639576564,468.0,0.0,0.0,4.207056,4.21
2111,1639576564,480.0,0.0,0.0,4.207056,4.21
2112,1639576564,468.0,0.0,0.0,4.207056,4.21
2113,1639576564,462.0,0.0,0.0,4.207056,4.21
2114,1639576564,466.0,0.0,0.0,4.207056,4.21
2115,1639576564,468.0,0.0,0.0,4.207056,4.21
2116,1639576564,457.0,0.0,0.0,4.207056,4.21
2117,1639576564,459.0,0.0,0.0,4.207056,4.21
2118,1639576564,468.0,0.0,0.0,4.207056,4.21
2119,1639576564,469.0,0.0,0.0,4.207056,4.21
2120,1639576564,489.0,0.0,0.0,4.207056,4.21
2121,1639576564,487.0,0.0,0.0,4.207056,4.21
2122,1639576564,489.0,0.0,0.0,4.207056,5.32
2123,1639576564,499.0,0.0,0.0,4.207056,5.32
2124,1639576564,499.0,0.0,0.0,5.356352,5.32
2125,1639576565,503.0,0.0,0.0,5.356352,5.32
2126,1639576565,502.0,0.0,0.0,5.356352,5.32
2127,1639576565,502.0,0.0,0.0,5.356352,5.32
2128,1639576565,526.0,0.0,0.0,5.356352,5.32
2129,1639576565,500.0,0.0,0.0,5.356352,5.32
2130,1639576565,486.0,0.0,0.0,5.356352,5.32
2131,1639576565,493.0,0.0,0.0,5.356352,5.32
2132,1639576565,497.0,0.0,0.0,5.356352,5.32
2133,1639576565,496.0,0.0,0.0,5.356352,5.32
2134,1639576565,496.0,0.0,0.0,5.356352,5.32
2135,1639576565,515.0,0.0,0.0,5.356352,5.32
2136,1639576565,511.0,0.0,0.0,5.356352,5.32
2137,1639576565,519.0,0.0,0.0,5.356352,5.32
2138,1639576565,517.0,0.0,0.0,5.356352,5.32
2139,1639576565,512.0,0.0,0.0,5.356352,5.1
2140,1639576565,515.0,0.0,0.0,5.356352,5.1
2141,1639576565,525.0,0.0,0.0,5.092752,5.1
2142,1639576566,541.0,0.0,0.0,5.092752,5.1
2143,1639576566,534.0,0.0,0.0,5.092752,5.1
2144,1639576566,519.0,0.0,0.0,5.092752,5.1
2145,1639576566,511.0,0.0,0.0,5.092752,5.1
2146,1639576566,511.0,0.0,0.0,5.092752,5.1
2147,1639576566,511.0,0.0,0.0,5.092752,5.1
2148,1639576566,514.0,0.0,0.0,5.092752,5.1
2149,1639576566,501.0,0.0,0.0,5.092752,5.1
2150,1639576566,513.0,0.0,0.0,5.092752,5.1
2151,1639576566,510.0,0.0,0.0,5.092752,5.1
2152,1639576566,504.0,0.0,0.0,5.092752,5.1
2153,1639576566,505.0,0.0,0.0,5.092752,5.1
2154,1639576566,505.0,0.0,0.0,5.092752,5.1
2155,1639576566,505.0,0.0,0.0,5.092752,5.03
2156,1639576566,506.0,0.0,0.0,5.092752,5.03
2157,1639576566,504.0,0.0,0.0,5.124384,5.03
2158,1639576567,503.0,0.0,0.0,5.124384,5.03
2159,1639576567,513.0,0.0,0.0,5.124384,5.03
2160,1639576567,518.0,0.0,0.0,5.124384,5.03
2161,1639576567,531.0,0.0,0.0,5.124384,5.03
2162,1639576567,526.0,0.0,0.0,5.124384,5.03
2163,1639576567,533.0,0.0,0.0,5.124384,5.03
2164,1639576567,530.0,0.0,0.0,5.124384,5.03
2165,1639576567,524.0,0.0,0.0,5.124384,5.03
2166,1639576567,527.0,0.0,0.0,5.124384,5.03
2167,1639576567,519.0,0.0,0.0,5.124384,5.03
2168,1639576567,529.0,0.0,0.0,5.124384,5.03
2169,1639576567,526.0,0.0,0.0,5.124384,5.03
2170,1639576567,524.0,0.0,0.0,5.124384,5.03
2171,1639576567,533.0,0.0,0.0,5.124384,4.92
2172,1639576567,536.0,0.0,0.0,5.124384,4.92
2173,1639576568,543.0,0.0,0.0,4.871328,4.92
2174,1639576568,552.0,0.0,0.0,4.871328,4.92
2175,1639576568,556.0,0.0,0.0,4.871328,4.92
2176,1639576568,556.0,0.0,0.0,4.871328,4.92
2177,1639576568,561.0,0.0,0.0,4.871328,4.92
2178,1639576568,553.0,0.0,0.0,4.871328,4.92
2179,1639576568,549.0,0.0,0.0,4.871328,4.92
2180,1639576568,559.0,0.0,0.0,4.871328,4.92
2181,1639576568,528.0,0.0,0.0,4.871328,4.92
2182,1639576568,544.0,0.0,0.0,4.871328,4.92
2183,1639576568,542.0,0.0,0.0,4.871328,4.92
2184,1639576568,531.0,0.0,0.0,4.871328,4.92
2185,1639576568,526.0,0.0,0.0,4.871328,4.92
2186,1639576568,528.0,0.0,0.0,4.871328,4.77
2187,1639576568,529.0,0.0,0.0,4.871328,4.77
2188,1639576568,528.0,0.0,0.0,4.818608,4.77
2189,1639576569,546.0,0.0,0.0,4.818608,4.77
2190,1639576569,552.0,0.0,0.0,4.818608,4.77
2191,1639576569,540.0,0.0,0.0,4.818608,4.77
2192,1639576569,541.0,0.0,0.0,4.818608,4.77
2193,1639576569,543.0,0.0,0.0,4.818608,4.77
2194,1639576569,533.0,0.0,0.0,4.818608,4.77
2195,1639576569,556.0,0.0,0.0,4.818608,4.77
2196,1639576569,554.0,0.0,0.0,4.818608,4.77
2197,1639576569,547.0,0.0,0.0,4.818608,4.77
2198,1639576569,526.0,0.0,0.0,4.818608,4.77
2199,1639576569,549.0,0.0,0.0,4.818608,4.77
2200,1639576569,537.0,0.0,0.0,4.818608,4.77
2201,1639576569,539.0,0.0,0.0,4.818608,4.77
2202,1639576569,543.0,0.0,0.0,4.818608,4.77
2203,1639576569,554.0,0.0,0.0,4.818608,4.78
2204,1639576569,537.0,0.0,0.0,4.818608,4.78
2205,1639576570,518.0,0.0,0.0,4.765888,4.78
2206,1639576570,543.0,0.0,0.0,4.765888,4.78
2207,1639576570,569.0,0.0,0.0,4.765888,4.78
2208,1639576570,556.0,0.0,0.0,4.765888,4.78
2209,1639576570,552.0,0.0,0.0,4.765888,4.78
2210,1639576570,569.0,0.0,0.0,4.765888,4.78
2211,1639576570,557.0,0.0,0.0,4.765888,4.78
2212,1639576570,560.0,0.0,0.0,4.765888,4.78
2213,1639576570,568.0,0.0,0.0,4.765888,4.78
2214,1639576570,539.0,0.0,0.0,4.765888,4.78
2215,1639576570,522.0,0.0,0.0,4.765888,4.78
2216,1639576570,533.0,0.0,0.0,4.765888,4.78
2217,1639576570,514.0,0.0,0.0,4.765888,4.78
2218,1639576570,498.0,0.0,0.0,4.765888,4.83
2219,1639576570,493.0,0.0,0.0,4.765888,4.83
2220,1639576570,473.0,0.0,0.0,5.050576,4.83
2221,1639576571,473.0,0.0,0.0,5.050576,4.83
2222,1639576571,484.0,0.0,0.0,5.050576,4.83
2223,1639576571,500.0,0.0,0.0,5.050576,4.83
2224,1639576571,494.0,0.0,0.0,5.050576,4.83
2225,1639576571,481.0,0.0,0.0,5.050576,4.83
2226,1639576571,484.0,0.0,0.0,5.050576,4.83
2227,1639576571,487.0,0.0,0.0,5.050576,4.83
2228,1639576571,496.0,0.0,0.0,5.050576,4.83
2229,1639576571,491.0,0.0,0.0,5.050576,4.83
2230,1639576571,479.0,0.0,0.0,5.050576,4.83
2231,1639576571,477.0,0.0,0.0,5.050576,4.83
2232,1639576571,478.0,0.0,0.0,5.050576,4.83
2233,1639576571,484.0,0.0,0.0,5.050576,4.83
2234,1639576571,497.0,0.0,0.0,5.050576,5.3
2235,1639576571,507.0,0.0,0.0,5.050576,5.3
2236,1639576571,507.0,0.0,0.0,5.177104,5.3
2237,1639576572,501.0,0.0,0.0,5.177104,5.3
2238,1639576572,504.0,0.0,0.0,5.177104,5.3
2239,1639576572,523.0,0.0,0.0,5.177104,5.3
2240,1639576572,531.0,0.0,0.0,5.177104,5.3
2241,1639576572,511.0,0.0,0.0,5.177104,5.3
2242,1639576572,496.0,0.0,0.0,5.177104,5.3
2243,1639576572,479.0,0.0,0.0,5.177104,5.3
2244,1639576572,480.0,0.0,0.0,5.177104,5.3
2245,1639576572,494.0,0.0,0.0,5.177104,5.3
2246,1639576572,491.0,0.0,0.0,5.177104,5.3
2247,1639576572,496.0,0.0,0.0,5.177104,5.3
2248,1639576572,513.0,0.0,0.0,5.177104,5.3
2249,1639576572,516.0,0.0,0.0,5.177104,5.3
2250,1639576572,508.0,0.0,0.0,5.177104,5.15
2251,1639576572,503.0,0.0,0.0,5.177104,5.15
2252,1639576572,514.0,0.0,0.0,5.303632,5.15
2253,1639576573,496.0,0.0,0.0,5.303632,5.15
2254,1639576573,506.0,0.0,0.0,5.303632,5.15
2255,1639576573,511.0,0.0,0.0,5.303632,5.15
2256,1639576573,498.0,0.0,0.0,5.303632,5.15
2257,1639576573,518.0,0.0,0.0,5.303632,5.15
2258,1639576573,520.0,0.0,0.0,5.303632,5.15
2259,1639576573,535.0,0.0,0.0,5.303632,5.15
2260,1639576573,583.0,0.0,0.0,5.303632,5.15
2261,1639576573,645.0,0.0,0.0,5.303632,5.15
2262,1639576573,678.0,0.0,0.0,5.303632,5.15
2263,1639576573,704.0,0.0,0.0,5.303632,5.15
2264,1639576573,704.0,0.0,0.0,5.303632,5.15
2265,1639576573,714.0,0.0,0.0,5.303632,5.15
2266,1639576573,713.0,0.0,0.0,5.303632,4.06
2267,1639576573,728.0,0.0,0.0,5.303632,4.06
2268,1639576573,719.0,0.0,0.0,5.303632,4.06
2269,1639576574,717.0,0.0,0.0,3.954,4.06
2270,1639576574,742.0,0.0,0.0,3.954,4.06
2271,1639576574,777.0,0.0,0.0,3.954,4.06
2272,1639576574,642.0,0.0,0.0,3.954,4.06
2273,1639576574,571.0,0.0,0.0,3.954,4.06
2274,1639576574,557.0,0.0,0.0,3.954,4.06
2275,1639576574,567.0,0.0,0.0,3.954,4.06
2276,1639576574,573.0,0.0,0.0,3.954,4.06
2277,1639576574,565.0,0.0,0.0,3.954,4.06
2278,1639576574,564.0,0.0,0.0,3.954,4.06
2279,1639576574,538.0,0.0,0.0,3.954,4.06
2280,1639576574,514.0,0.0,0.0,3.954,4.06
2281,1639576574,512.0,0.0,0.0,3.954,4.06
2282,1639576574,534.0,0.0,0.0,3.954,4.06
2283,1639576574,526.0,0.0,0.0,3.954,4.8
2284,1639576574,513.0,0.0,0.0,3.954,4.8
2285,1639576575,517.0,0.0,0.0,4.85024,4.8
2286,1639576575,525.0,0.0,0.0,4.85024,4.8
2287,1639576575,541.0,0.0,0.0,4.85024,4.8
2288,1639576575,552.0,0.0,0.0,4.85024,4.8
2289,1639576575,552.0,0.0,0.0,4.85024,4.8
2290,1639576575,532.0,0.0,0.0,4.85024,4.8
2291,1639576575,540.0,0.0,0.0,4.85024,4.8
2292,1639576575,540.0,0.0,0.0,4.85024,4.8
2293,1639576575,540.0,0.0,0.0,4.85024,4.8
2294,1639576575,530.0,0.0,0.0,4.85024,4.8
2295,1639576575,526.0,0.0,0.0,4.85024,4.8
2296,1639576575,509.0,0.0,0.0,4.85024,4.8
2297,1639576575,510.0,0.0,0.0,4.85024,4.8
2298,1639576575,510.0,0.0,0.0,4.85024,4.8
2299,1639576575,515.0,0.0,0.0,4.85024,4.92
2300,1639576575,530.0,0.0,0.0,4.881872,4.92
2301,1639576576,518.0,0.0,0.0,4.881872,4.92
2302,1639576576,510.0,0.0,0.0,4.881872,4.92
2303,1639576576,519.0,0.0,0.0,4.881872,4.92
2304,1639576576,526.0,0.0,0.0,4.881872,4.92
2305,1639576576,527.0,0.0,0.0,4.881872,4.92
2306,1639576576,525.0,0.0,0.0,4.881872,4.92
2307,1639576576,521.0,0.0,0.0,4.881872,4.92
2308,1639576576,509.0,0.0,0.0,4.881872,4.92
2309,1639576576,506.0,0.0,0.0,4.881872,4.92
2310,1639576576,525.0,0.0,0.0,4.881872,4.92
2311,1639576576,477.0,0.0,0.0,4.881872,4.92
2312,1639576576,475.0,0.0,0.0,4.881872,4.92
2313,1639576576,476.0,0.0,0.0,4.881872,5.17
2314,1639576576,471.0,0.0,0.0,4.881872,5.17
2315,1639576576,477.0,0.0,0.0,5.335264,5.17
2316,1639576577,476.0,0.0,0.0,5.335264,5.17
2317,1639576577,477.0,0.0,0.0,5.335264,5.17
2318,1639576577,476.0,0.0,0.0,5.335264,5.17
2319,1639576577,497.0,0.0,0.0,5.335264,5.17
2320,1639576577,493.0,0.0,0.0,5.335264,5.17
2321,1639576577,492.0,0.0,0.0,5.335264,5.17
2322,1639576577,485.0,0.0,0.0,5.335264,5.17
2323,1639576577,479.0,0.0,0.0,5.335264,5.17
2324,1639576577,473.0,0.0,0.0,5.335264,5.17
2325,1639576577,479.0,0.0,0.0,5.335264,5.17
2326,1639576577,485.0,0.0,0.0,5.335264,5.17
2327,1639576577,492.0,0.0,0.0,5.335264,5.17
2328,1639576577,485.0,0.0,0.0,5.335264,5.17
2329,1639576577,492.0,0.0,0.0,5.335264,5.4
2330,1639576577,498.0,0.0,0.0,5.335264,5.4
2331,1639576578,495.0,0.0,0.0,5.387984,5.4
2332,1639576578,507.0,0.0,0.0,5.387984,5.4
2333,1639576578,529.0,0.0,0.0,5.387984,5.4
2334,1639576578,517.0,0.0,0.0,5.387984,5.4
2335,1639576578,518.0,0.0,0.0,5.387984,5.4
2336,1639576578,525.0,0.0,0.0,5.387984,5.4
2337,1639576578,520.0,0.0,0.0,5.387984,5.4
2338,1639576578,540.0,0.0,0.0,5.387984,5.4
2339,1639576578,546.0,0.0,0.0,5.387984,5.4
2340,1639576578,534.0,0.0,0.0,5.387984,5.4
2341,1639576578,509.0,0.0,0.0,5.387984,5.4
2342,1639576578,500.0,0.0,0.0,5.387984,5.4
2343,1639576578,494.0,0.0,0.0,5.387984,5.4
2344,1639576578,491.0,0.0,0.0,5.387984,5.4
2345,1639576578,486.0,0.0,0.0,5.387984,5.4
2346,1639576578,479.0,0.0,0.0,5.387984,5.08
2347,1639576578,474.0,0.0,0.0,5.387984,5.08
2348,1639576579,479.0,0.0,0.0,5.156016,5.08
2349,1639576579,483.0,0.0,0.0,5.156016,5.08
2350,1639576579,498.0,0.0,0.0,5.156016,5.08
2351,1639576579,499.0,0.0,0.0,5.156016,5.08
2352,1639576579,496.0,0.0,0.0,5.156016,5.08
2353,1639576579,503.0,0.0,0.0,5.156016,5.08
2354,1639576579,506.0,0.0,0.0,5.156016,5.08
2355,1639576579,501.0,0.0,0.0,5.156016,5.08
2356,1639576579,505.0,0.0,0.0,5.156016,5.08
2357,1639576579,512.0,0.0,0.0,5.156016,5.08
2358,1639576579,506.0,0.0,0.0,5.156016,5.08
2359,1639576579,492.0,0.0,0.0,5.156016,5.08
2360,1639576579,497.0,0.0,0.0,5.156016,5.08
2361,1639576579,506.0,0.0,0.0,5.156016,5.08
2362,1639576579,510.0,0.0,0.0,5.156016,5.13
2363,1639576579,515.0,0.0,0.0,5.156016,5.13
2364,1639576580,507.0,0.0,0.0,5.124384,5.13
2365,1639576580,503.0,0.0,0.0,5.124384,5.13
2366,1639576580,505.0,0.0,0.0,5.124384,5.13
2367,1639576580,505.0,0.0,0.0,5.124384,5.13
2368,1639576580,507.0,0.0,0.0,5.124384,5.13
2369,1639576580,535.0,0.0,0.0,5.124384,5.13
2370,1639576580,532.0,0.0,0.0,5.124384,5.13
2371,1639576580,505.0,0.0,0.0,5.124384,5.13
2372,1639576580,522.0,0.0,0.0,5.124384,5.13
2373,1639576580,545.0,0.0,0.0,5.124384,5.13
2374,1639576580,538.0,0.0,0.0,5.124384,5.13
2375,1639576580,532.0,0.0,0.0,5.124384,5.13
2376,1639576580,532.0,0.0,0.0,5.124384,5.13
2377,1639576580,557.0,0.0,0.0,5.124384,5.13
2378,1639576580,544.0,0.0,0.0,5.124384,4.89
2379,1639576580,554.0,0.0,0.0,5.124384,4.89
2380,1639576581,552.0,0.0,0.0,4.90296,4.89
2381,1639576581,530.0,0.0,0.0,4.90296,4.89
2382,1639576581,516.0,0.0,0.0,4.90296,4.89
2383,1639576581,522.0,0.0,0.0,4.90296,4.89
2384,1639576581,538.0,0.0,0.0,4.90296,4.89
2385,1639576581,528.0,0.0,0.0,4.90296,4.89
2386,1639576581,513.0,0.0,0.0,4.90296,4.89
2387,1639576581,524.0,0.0,0.0,4.90296,4.89
2388,1639576581,512.0,0.0,0.0,4.90296,4.89
2389,1639576581,522.0,0.0,0.0,4.90296,4.89
2390,1639576581,536.0,0.0,0.0,4.90296,4.89
2391,1639576581,531.0,0.0,0.0,4.90296,4.89
2392,1639576581,524.0,0.0,0.0,4.90296,4.89
2393,1639576581,529.0,0.0,0.0,4.90296,4.89
2394,1639576581,521.0,0.0,0.0,4.90296,4.89
2395,1639576581,515.0,0.0,0.0,4.90296,4.98
2396,1639576581,505.0,0.0,0.0,4.90296,4.98
2397,1639576582,499.0,0.0,0.0,5.11384,4.98
2398,1639576582,517.0,0.0,0.0,5.11384,4.98
2399,1639576582,500.0,0.0,0.0,5.11384,4.98
2400,1639576582,511.0,0.0,0.0,5.11384,4.98
2401,1639576582,501.0,0.0,0.0,5.11384,4.98
2402,1639576582,507.0,0.0,0.0,5.11384,4.98
2403,1639576582,501.0,0.0,0.0,5.11384,4.98
2404,1639576582,496.0,0.0,0.0,5.11384,4.98
2405,1639576582,508.0,0.0,0.0,5.11384,4.98
2406,1639576582,523.0,0.0,0.0,5.11384,4.98
2407,1639576582,508.0,0.0,0.0,5.11384,4.98
2408,1639576582,508.0,0.0,0.0,5.11384,4.98
2409,1639576582,513.0,0.0,0.0,5.11384,4.98
2410,1639576582,501.0,0.0,0.0,5.11384,4.98
2411,1639576582,507.0,0.0,0.0,5.11384,5.12
2412,1639576582,488.0,0.0,0.0,5.11384,5.12
2413,1639576583,491.0,0.0,0.0,5.11384,5.12
2414,1639576583,499.0,0.0,0.0,5.11384,5.12
2415,1639576583,500.0,0.0,0.0,5.11384,5.12
2416,1639576583,497.0,0.0,0.0,5.11384,5.12
2417,1639576583,504.0,0.0,0.0,5.11384,5.12
2418,1639576583,501.0,0.0,0.0,5.11384,5.12
2419,1639576583,496.0,0.0,0.0,5.11384,5.12
2420,1639576583,505.0,0.0,0.0,5.11384,5.12
2421,1639576583,518.0,0.0,0.0,5.11384,5.12
2422,1639576583,519.0,0.0,0.0,5.11384,5.12
2423,1639576583,510.0,0.0,0.0,5.11384,5.12
2424,1639576583,562.0,0.0,0.0,5.11384,5.12
2425,1639576583,615.0,0.0,0.0,5.11384,5.12
2426,1639576583,674.0,0.0,0.0,5.11384,4.31
2427,1639576583,697.0,0.0,0.0,5.11384,4.31
2428,1639576584,699.0,0.0,0.0,4.16488,4.31
2429,1639576584,706.0,0.0,0.0,4.16488,4.31
2430,1639576584,706.0,0.0,0.0,4.16488,4.31
2431,1639576584,709.0,0.0,0.0,4.16488,4.31
2432,1639576584,705.0,0.0,0.0,4.16488,4.31
2433,1639576584,713.0,0.0,0.0,4.16488,4.31
2434,1639576584,690.0,0.0,0.0,4.16488,4.31
2435,1639576584,549.0,0.0,0.0,4.16488,4.31
2436,1639576584,525.0,0.0,0.0,4.16488,4.31
2437,1639576584,523.0,0.0,0.0,4.16488,4.31
2438,1639576584,540.0,0.0,0.0,4.16488,4.31
2439,1639576584,520.0,0.0,0.0,4.16488,4.31
2440,1639576584,504.0,0.0,0.0,4.16488,4.31
2441,1639576584,491.0,0.0,0.0,4.16488,4.31
2442,1639576584,485.0,0.0,0.0,4.16488,4.98
2443,1639576584,498.0,0.0,0.0,4.16488,4.98
2444,1639576585,497.0,0.0,0.0,5.071664,4.98
2445,1639576585,491.0,0.0,0.0,5.071664,4.98
2446,1639576585,487.0,0.0,0.0,5.071664,4.98
2447,1639576585,508.0,0.0,0.0,5.071664,4.98
2448,1639576585,513.0,0.0,0.0,5.071664,4.98
2449,1639576585,521.0,0.0,0.0,5.071664,4.98
2450,1639576585,518.0,0.0,0.0,5.071664,4.98
2451,1639576585,521.0,0.0,0.0,5.071664,4.98
2452,1639576585,512.0,0.0,0.0,5.071664,4.98
2453,1639576585,509.0,0.0,0.0,5.071664,4.98
2454,1639576585,504.0,0.0,0.0,5.071664,4.98
2455,1639576585,504.0,0.0,0.0,5.071664,4.98
2456,1639576585,507.0,0.0,0.0,5.071664,4.98
2457,1639576585,512.0,0.0,0.0,5.071664,4.98
2458,1639576585,520.0,0.0,0.0,5.071664,5.01
2459,1639576585,518.0,0.0,0.0,5.071664,5.01
2460,1639576586,523.0,0.0,0.0,5.071664,5.01
2461,1639576586,516.0,0.0,0.0,4.95568,5.01
2462,1639576586,535.0,0.0,0.0,4.95568,5.01
2463,1639576586,529.0,0.0,0.0,4.95568,5.01
2464,1639576586,533.0,0.0,0.0,4.95568,5.01
2465,1639576586,541.0,0.0,0.0,4.95568,5.01
2466,1639576586,545.0,0.0,0.0,4.95568,5.01
2467,1639576586,552.0,0.0,0.0,4.95568,5.01
2468,1639576586,545.0,0.0,0.0,4.95568,5.01
2469,1639576586,545.0,0.0,0.0,4.95568,5.01
2470,1639576586,541.0,0.0,0.0,4.95568,5.01
2471,1639576586,545.0,0.0,0.0,4.95568,5.01
2472,1639576586,544.0,0.0,0.0,4.95568,5.01
2473,1639576586,536.0,0.0,0.0,4.95568,5.01
2474,1639576586,531.0,0.0,0.0,4.95568,5.01
2475,1639576586,534.0,0.0,0.0,4.95568,4.76
2476,1639576587,536.0,0.0,0.0,4.95568,4.76
2477,1639576587,556.0,0.0,0.0,4.860784,4.76
2478,1639576587,555.0,0.0,0.0,4.860784,4.76
2479,1639576587,559.0,0.0,0.0,4.860784,4.76
2480,1639576587,562.0,0.0,0.0,4.860784,4.76
2481,1639576587,564.0,0.0,0.0,4.860784,4.76
2482,1639576587,566.0,0.0,0.0,4.860784,4.76
2483,1639576587,560.0,0.0,0.0,4.860784,4.76
2484,1639576587,573.0,0.0,0.0,4.860784,4.76
2485,1639576587,559.0,0.0,0.0,4.860784,4.76
2486,1639576587,546.0,0.0,0.0,4.860784,4.76
2487,1639576587,550.0,0.0,0.0,4.860784,4.76
2488,1639576587,550.0,0.0,0.0,4.860784,4.76
2489,1639576587,553.0,0.0,0.0,4.860784,4.76
2490,1639576587,551.0,0.0,0.0,4.860784,4.63
2491,1639576588,560.0,0.0,0.0,4.860784,4.63
2492,1639576588,560.0,0.0,0.0,4.670992,4.63
2493,1639576588,549.0,0.0,0.0,4.670992,4.63
2494,1639576588,555.0,0.0,0.0,4.670992,4.63
2495,1639576588,555.0,0.0,0.0,4.670992,4.63
2496,1639576588,555.0,0.0,0.0,4.670992,4.63
2497,1639576588,560.0,0.0,0.0,4.670992,4.63
2498,1639576588,551.0,0.0,0.0,4.670992,4.63
2499,1639576588,574.0,0.0,0.0,4.670992,4.63
2500,1639576588,565.0,0.0,0.0,4.670992,4.63
2501,1639576588,575.0,0.0,0.0,4.670992,4.63
2502,1639576588,569.0,0.0,0.0,4.670992,4.63
2503,1639576588,559.0,0.0,0.0,4.670992,4.63
2504,1639576588,571.0,0.0,0.0,4.670992,4.63
2505,1639576588,577.0,0.0,0.0,4.670992,4.61
2506,1639576588,580.0,0.0,0.0,4.670992,4.61
2507,1639576589,569.0,0.0,0.0,4.628816,4.61
2508,1639576589,568.0,0.0,0.0,4.628816,4.61
2509,1639576589,558.0,0.0,0.0,4.628816,4.61
2510,1639576589,565.0,0.0,0.0,4.628816,4.61
2511,1639576589,552.0,0.0,0.0,4.628816,4.61
2512,1639576589,536.0,0.0,0.0,4.628816,4.61
2513,1639576589,542.0,0.0,0.0,4.628816,4.61
2514,1639576589,530.0,0.0,0.0,4.628816,4.61
2515,1639576589,528.0,0.0,0.0,4.628816,4.61
2516,1639576589,530.0,0.0,0.0,4.628816,4.61
2517,1639576589,531.0,0.0,0.0,4.628816,4.61
2518,1639576589,536.0,0.0,0.0,4.628816,4.61
2519,1639576589,544.0,0.0,0.0,4.628816,4.61
2520,1639576589,549.0,0.0,0.0,4.628816,4.61
2521,1639576589,532.0,0.0,0.0,4.628816,4.82
2522,1639576589,532.0,0.0,0.0,4.628816,4.82
2523,1639576590,549.0,0.0,0.0,4.628816,4.82
2524,1639576590,549.0,0.0,0.0,4.808064,4.82
2525,1639576590,540.0,0.0,0.0,4.808064,4.82
2526,1639576590,531.0,0.0,0.0,4.808064,4.82
2527,1639576590,542.0,0.0,0.0,4.808064,4.82
2528,1639576590,527.0,0.0,0.0,4.808064,4.82
2529,1639576590,530.0,0.0,0.0,4.808064,4.82
2530,1639576590,530.0,0.0,0.0,4.808064,4.82
2531,1639576590,525.0,0.0,0.0,4.808064,4.82
2532,1639576590,528.0,0.0,0.0,4.808064,4.82
2533,1639576590,540.0,0.0,0.0,4.808064,4.82
2534,1639576590,558.0,0.0,0.0,4.808064,4.82
2535,1639576590,562.0,0.0,0.0,4.808064,4.82
2536,1639576590,548.0,0.0,0.0,4.808064,4.82
2537,1639576590,566.0,0.0,0.0,4.808064,4.82
2538,1639576590,559.0,0.0,0.0,4.808064,4.73
2539,1639576591,558.0,0.0,0.0,4.776432,4.73
2540,1639576591,559.0,0.0,0.0,4.776432,4.73
2541,1639576591,563.0,0.0,0.0,4.776432,4.73
2542,1639576591,545.0,0.0,0.0,4.776432,4.73
2543,1639576591,563.0,0.0,0.0,4.776432,4.73
2544,1639576591,584.0,0.0,0.0,4.776432,4.73
2545,1639576591,573.0,0.0,0.0,4.776432,4.73
2546,1639576591,565.0,0.0,0.0,4.776432,4.73
2547,1639576591,562.0,0.0,0.0,4.776432,4.73
2548,1639576591,557.0,0.0,0.0,4.776432,4.73
2549,1639576591,562.0,0.0,0.0,4.776432,4.73
2550,1639576591,548.0,0.0,0.0,4.776432,4.73
2551,1639576591,559.0,0.0,0.0,4.776432,4.73
2552,1639576591,551.0,0.0,0.0,4.776432,4.68
2553,1639576591,548.0,0.0,0.0,4.776432,4.68
2554,1639576592,560.0,0.0,0.0,4.670992,4.68
2555,1639576592,561.0,0.0,0.0,4.670992,4.68
2556,1639576592,569.0,0.0,0.0,4.670992,4.68
2557,1639576592,568.0,0.0,0.0,4.670992,4.68
2558,1639576592,563.0,0.0,0.0,4.670992,4.68
2559,1639576592,577.0,0.0,0.0,4.670992,4.68
2560,1639576592,583.0,0.0,0.0,4.670992,4.68
2561,1639576592,579.0,0.0,0.0,4.670992,4.68
2562,1639576592,578.0,0.0,0.0,4.670992,4.68
2563,1639576592,565.0,0.0,0.0,4.670992,4.68
2564,1639576592,573.0,0.0,0.0,4.670992,4.68
2565,1639576592,582.0,0.0,0.0,4.670992,4.68
2566,1639576592,588.0,0.0,0.0,4.670992,4.68
2567,1639576592,595.0,0.0,0.0,4.670992,4.53
2568,1639576593,594.0,0.0,0.0,4.670992,4.53
2569,1639576593,587.0,0.0,0.0,4.544464,4.53
2570,1639576593,591.0,0.0,0.0,4.544464,4.53
2571,1639576593,582.0,0.0,0.0,4.544464,4.53
2572,1639576593,569.0,0.0,0.0,4.544464,4.53
2573,1639576593,569.0,0.0,0.0,4.544464,4.53
2574,1639576593,561.0,0.0,0.0,4.544464,4.53
2575,1639576593,563.0,0.0,0.0,4.544464,4.53
2576,1639576593,565.0,0.0,0.0,4.544464,4.53
2577,1639576593,572.0,0.0,0.0,4.544464,4.53
2578,1639576593,563.0,0.0,0.0,4.544464,4.53
2579,1639576593,560.0,0.0,0.0,4.544464,4.53
2580,1639576593,584.0,0.0,0.0,4.544464,4.53
2581,1639576593,569.0,0.0,0.0,4.544464,4.53
2582,1639576593,575.0,0.0,0.0,4.544464,4.59
2583,1639576593,611.0,0.0,0.0,4.544464,4.59
2584,1639576594,655.0,0.0,0.0,4.37576,4.59
2585,1639576594,720.0,0.0,0.0,4.37576,4.59
2586,1639576594,732.0,0.0,0.0,4.37576,4.59
2587,1639576594,741.0,0.0,0.0,4.37576,4.59
2588,1639576594,743.0,0.0,0.0,4.37576,4.59
2589,1639576594,750.0,0.0,0.0,4.37576,4.59
2590,1639576594,752.0,0.0,0.0,4.37576,4.59
2591,1639576594,772.0,0.0,0.0,4.37576,4.59
2592,1639576594,766.0,0.0,0.0,4.37576,4.59
2593,1639576594,777.0,0.0,0.0,4.37576,4.59
2594,1639576594,814.0,0.0,0.0,4.37576,4.59
2595,1639576594,793.0,0.0,0.0,4.37576,4.59
2596,1639576594,664.0,0.0,0.0,4.37576,4.59
2597,1639576594,642.0,0.0,0.0,4.37576,4.59
2598,1639576594,630.0,0.0,0.0,4.37576,3.52
2599,1639576595,627.0,0.0,0.0,4.37576,3.52
2600,1639576595,639.0,0.0,0.0,3.774752,3.52
2601,1639576595,627.0,0.0,0.0,3.774752,3.52
2602,1639576595,639.0,0.0,0.0,3.774752,3.52
2603,1639576595,645.0,0.0,0.0,3.774752,3.52
2604,1639576595,625.0,0.0,0.0,3.774752,3.52
2605,1639576595,626.0,0.0,0.0,3.774752,3.52
2606,1639576595,618.0,0.0,0.0,3.774752,3.52
2607,1639576595,629.0,0.0,0.0,3.774752,3.52
2608,1639576595,624.0,0.0,0.0,3.774752,3.52
2609,1639576595,620.0,0.0,0.0,3.774752,3.52
2610,1639576595,607.0,0.0,0.0,3.774752,3.52
2611,1639576595,596.0,0.0,0.0,3.774752,3.52
2612,1639576595,598.0,0.0,0.0,3.774752,3.52
2613,1639576595,609.0,0.0,0.0,3.774752,4.2
2614,1639576596,623.0,0.0,0.0,4.16488,4.2
2615,1639576596,622.0,0.0,0.0,4.16488,4.2
2616,1639576596,634.0,0.0,0.0,4.16488,4.2
2617,1639576596,642.0,0.0,0.0,4.16488,4.2
2618,1639576596,630.0,0.0,0.0,4.16488,4.2
2619,1639576596,638.0,0.0,0.0,4.16488,4.2
2620,1639576596,638.0,0.0,0.0,4.16488,4.2
2621,1639576596,627.0,0.0,0.0,4.16488,4.2
2622,1639576596,628.0,0.0,0.0,4.16488,4.2
2623,1639576596,623.0,0.0,0.0,4.16488,4.2
2624,1639576596,613.0,0.0,0.0,4.16488,4.2
2625,1639576596,593.0,0.0,0.0,4.16488,4.2
2626,1639576596,585.0,0.0,0.0,4.16488,4.2
2627,1639576596,583.0,0.0,0.0,4.16488,4.28
2628,1639576597,579.0,0.0,0.0,4.16488,4.28
2629,1639576597,557.0,0.0,0.0,4.470656,4.28
2630,1639576597,559.0,0.0,0.0,4.470656,4.28
2631,1639576597,546.0,0.0,0.0,4.470656,4.28
2632,1639576597,537.0,0.0,0.0,4.470656,4.28
2633,1639576597,557.0,0.0,0.0,4.470656,4.28
2634,1639576597,556.0,0.0,0.0,4.470656,4.28
2635,1639576597,544.0,0.0,0.0,4.470656,4.28
2636,1639576597,536.0,0.0,0.0,4.470656,4.28
2637,1639576597,532.0,0.0,0.0,4.470656,4.28
2638,1639576597,536.0,0.0,0.0,4.470656,4.28
2639,1639576597,516.0,0.0,0.0,4.470656,4.28
2640,1639576597,536.0,0.0,0.0,4.470656,4.28
2641,1639576597,534.0,0.0,0.0,4.470656,4.28
2642,1639576597,540.0,0.0,0.0,4.470656,4.28
2643,1639576597,525.0,0.0,0.0,4.470656,4.28
2644,1639576597,525.0,0.0,0.0,4.470656,4.84
2645,1639576598,524.0,0.0,0.0,4.470656,4.84
2646,1639576598,523.0,0.0,0.0,4.881872,4.84
2647,1639576598,514.0,0.0,0.0,4.881872,4.84
2648,1639576598,509.0,0.0,0.0,4.881872,4.84
2649,1639576598,508.0,0.0,0.0,4.881872,4.84
2650,1639576598,520.0,0.0,0.0,4.881872,4.84
2651,1639576598,529.0,0.0,0.0,4.881872,4.84
2652,1639576598,531.0,0.0,0.0,4.881872,4.84
2653,1639576598,535.0,0.0,0.0,4.881872,4.84
2654,1639576598,529.0,0.0,0.0,4.881872,4.84
2655,1639576598,532.0,0.0,0.0,4.881872,4.84
2656,1639576598,560.0,0.0,0.0,4.881872,4.84
2657,1639576598,553.0,0.0,0.0,4.881872,4.84
2658,1639576598,550.0,0.0,0.0,4.881872,4.84
2659,1639576598,549.0,0.0,0.0,4.881872,4.77
2660,1639576599,537.0,0.0,0.0,4.881872,4.77
2661,1639576599,548.0,0.0,0.0,4.786976,4.77
2662,1639576599,552.0,0.0,0.0,4.786976,4.77
2663,1639576599,541.0,0.0,0.0,4.786976,4.77
2664,1639576599,527.0,0.0,0.0,4.786976,4.77
2665,1639576599,526.0,0.0,0.0,4.786976,4.77
2666,1639576599,520.0,0.0,0.0,4.786976,4.77
2667,1639576599,507.0,0.0,0.0,4.786976,4.77
2668,1639576599,513.0,0.0,0.0,4.786976,4.77
2669,1639576599,535.0,0.0,0.0,4.786976,4.77
2670,1639576599,541.0,0.0,0.0,4.786976,4.77
2671,1639576599,537.0,0.0,0.0,4.786976,4.77
2672,1639576599,540.0,0.0,0.0,4.786976,4.77
2673,1639576599,540.0,0.0,0.0,4.786976,4.77
2674,1639576599,529.0,0.0,0.0,4.786976,4.77
2675,1639576599,531.0,0.0,0.0,4.786976,5.0
2676,1639576600,510.0,0.0,0.0,4.786976,5.0
2677,1639576600,513.0,0.0,0.0,5.082208,5.0
2678,1639576600,507.0,0.0,0.0,5.082208,5.0
2679,1639576600,520.0,0.0,0.0,5.082208,5.0
2680,1639576600,508.0,0.0,0.0,5.082208,5.0
2681,1639576600,531.0,0.0,0.0,5.082208,5.0
2682,1639576600,530.0,0.0,0.0,5.082208,5.0
2683,1639576600,544.0,0.0,0.0,5.082208,5.0
2684,1639576600,554.0,0.0,0.0,5.082208,5.0
2685,1639576600,554.0,0.0,0.0,5.082208,5.0
2686,1639576600,562.0,0.0,0.0,5.082208,5.0
2687,1639576600,551.0,0.0,0.0,5.082208,5.0
2688,1639576600,538.0,0.0,0.0,5.082208,5.0
2689,1639576600,530.0,0.0,0.0,5.082208,5.0
2690,1639576600,535.0,0.0,0.0,5.082208,5.0
2691,1639576600,533.0,0.0,0.0,5.082208,4.87
2692,1639576601,533.0,0.0,0.0,5.082208,4.87
2693,1639576601,521.0,0.0,0.0,5.082208,4.87
2694,1639576601,508.0,0.0,0.0,4.892416,4.87
2695,1639576601,497.0,0.0,0.0,4.892416,4.87
2696,1639576601,501.0,0.0,0.0,4.892416,4.87
2697,1639576601,494.0,0.0,0.0,4.892416,4.87
2698,1639576601,491.0,0.0,0.0,4.892416,4.87
2699,1639576601,504.0,0.0,0.0,4.892416,4.87
2700,1639576601,487.0,0.0,0.0,4.892416,4.87
2701,1639576601,510.0,0.0,0.0,4.892416,4.87
2702,1639576601,506.0,0.0,0.0,4.892416,4.87
2703,1639576601,521.0,0.0,0.0,4.892416,4.87
2704,1639576601,535.0,0.0,0.0,4.892416,4.87
2705,1639576601,533.0,0.0,0.0,4.892416,4.87
2706,1639576601,529.0,0.0,0.0,4.892416,4.87
2707,1639576601,531.0,0.0,0.0,4.892416,4.87
2708,1639576601,528.0,0.0,0.0,4.892416,5.1
2709,1639576602,512.0,0.0,0.0,4.892416,5.1
2710,1639576602,511.0,0.0,0.0,5.082208,5.1
2711,1639576602,509.0,0.0,0.0,5.082208,5.1
2712,1639576602,506.0,0.0,0.0,5.082208,5.1
2713,1639576602,512.0,0.0,0.0,5.082208,5.1
2714,1639576602,520.0,0.0,0.0,5.082208,5.1
2715,1639576602,518.0,0.0,0.0,5.082208,5.1
2716,1639576602,512.0,0.0,0.0,5.082208,5.1
2717,1639576602,512.0,0.0,0.0,5.082208,5.1
2718,1639576602,530.0,0.0,0.0,5.082208,5.1
2719,1639576602,524.0,0.0,0.0,5.082208,5.1
2720,1639576602,538.0,0.0,0.0,5.082208,5.1
2721,1639576602,540.0,0.0,0.0,5.082208,5.1
2722,1639576602,527.0,0.0,0.0,5.082208,5.1
2723,1639576602,523.0,0.0,0.0,5.082208,5.1
2724,1639576602,523.0,0.0,0.0,5.082208,4.94
2725,1639576603,519.0,0.0,0.0,5.082208,4.94
2726,1639576603,515.0,0.0,0.0,5.029488,4.94
2727,1639576603,534.0,0.0,0.0,5.029488,4.94
2728,1639576603,523.0,0.0,0.0,5.029488,4.94
2729,1639576603,543.0,0.0,0.0,5.029488,4.94
2730,1639576603,541.0,0.0,0.0,5.029488,4.94
2731,1639576603,548.0,0.0,0.0,5.029488,4.94
2732,1639576603,555.0,0.0,0.0,5.029488,4.94
2733,1639576603,554.0,0.0,0.0,5.029488,4.94
2734,1639576603,544.0,0.0,0.0,5.029488,4.94
2735,1639576603,568.0,0.0,0.0,5.029488,4.94
2736,1639576603,553.0,0.0,0.0,5.029488,4.94
2737,1639576603,553.0,0.0,0.0,5.029488,4.94
2738,1639576603,575.0,0.0,0.0,5.029488,4.94
2739,1639576603,560.0,0.0,0.0,5.029488,4.94
2740,1639576603,547.0,0.0,0.0,5.029488,4.66
2741,1639576604,547.0,0.0,0.0,5.029488,4.66
2742,1639576604,556.0,0.0,0.0,4.607728,4.66
2743,1639576604,551.0,0.0,0.0,4.607728,4.66
2744,1639576604,599.0,0.0,0.0,4.607728,4.66
2745,1639576604,648.0,0.0,0.0,4.607728,4.66
2746,1639576604,694.0,0.0,0.0,4.607728,4.66
2747,1639576604,720.0,0.0,0.0,4.607728,4.66
2748,1639576604,726.0,0.0,0.0,4.607728,4.66
2749,1639576604,745.0,0.0,0.0,4.607728,4.66
2750,1639576604,752.0,0.0,0.0,4.607728,4.66
2751,1639576604,771.0,0.0,0.0,4.607728,4.66
2752,1639576604,768.0,0.0,0.0,4.607728,4.66
2753,1639576604,764.0,0.0,0.0,4.607728,4.66
2754,1639576604,779.0,0.0,0.0,4.607728,4.66
2755,1639576604,801.0,0.0,0.0,4.607728,3.66
2756,1639576605,690.0,0.0,0.0,4.607728,3.66
2757,1639576605,601.0,0.0,0.0,4.607728,3.66
2758,1639576605,581.0,0.0,0.0,3.764208,3.66
2759,1639576605,554.0,0.0,0.0,3.764208,3.66
2760,1639576605,534.0,0.0,0.0,3.764208,3.66
2761,1639576605,545.0,0.0,0.0,3.764208,3.66
2762,1639576605,550.0,0.0,0.0,3.764208,3.66
2763,1639576605,536.0,0.0,0.0,3.764208,3.66
2764,1639576605,552.0,0.0,0.0,3.764208,3.66
2765,1639576605,542.0,0.0,0.0,3.764208,3.66
2766,1639576605,542.0,0.0,0.0,3.764208,3.66
2767,1639576605,534.0,0.0,0.0,3.764208,3.66
2768,1639576605,545.0,0.0,0.0,3.764208,3.66
2769,1639576605,553.0,0.0,0.0,3.764208,3.66
2770,1639576605,539.0,0.0,0.0,3.764208,3.66
2771,1639576605,526.0,0.0,0.0,3.764208,3.66
2772,1639576606,537.0,0.0,0.0,3.764208,4.92
2773,1639576606,528.0,0.0,0.0,3.764208,4.92
2774,1639576606,511.0,0.0,0.0,4.90296,4.92
2775,1639576606,506.0,0.0,0.0,4.90296,4.92
2776,1639576606,508.0,0.0,0.0,4.90296,4.92
2777,1639576606,504.0,0.0,0.0,4.90296,4.92
2778,1639576606,503.0,0.0,0.0,4.90296,4.92
2779,1639576606,501.0,0.0,0.0,4.90296,4.92
2780,1639576606,491.0,0.0,0.0,4.90296,4.92
2781,1639576606,482.0,0.0,0.0,4.90296,4.92
2782,1639576606,492.0,0.0,0.0,4.90296,4.92
2783,1639576606,496.0,0.0,0.0,4.90296,4.92
2784,1639576606,476.0,0.0,0.0,4.90296,4.92
2785,1639576606,480.0,0.0,0.0,4.90296,4.92
2786,1639576606,488.0,0.0,0.0,4.90296,4.92
2787,1639576606,486.0,0.0,0.0,4.90296,4.92
2788,1639576606,476.0,0.0,0.0,4.90296,5.23
2789,1639576607,489.0,0.0,0.0,4.90296,5.23
2790,1639576607,482.0,0.0,0.0,5.345808,5.23
2791,1639576607,469.0,0.0,0.0,5.345808,5.23
2792,1639576607,479.0,0.0,0.0,5.345808,5.23
2793,1639576607,486.0,0.0,0.0,5.345808,5.23
2794,1639576607,482.0,0.0,0.0,5.345808,5.23
2795,1639576607,489.0,0.0,0.0,5.345808,5.23
2796,1639576607,509.0,0.0,0.0,5.345808,5.23
2797,1639576607,517.0,0.0,0.0,5.345808,5.23
2798,1639576607,511.0,0.0,0.0,5.345808,5.23
2799,1639576607,511.0,0.0,0.0,5.345808,5.23
2800,1639576607,511.0,0.0,0.0,5.345808,5.23
2801,1639576607,499.0,0.0,0.0,5.345808,5.23
2802,1639576607,488.0,0.0,0.0,5.345808,5.23
2803,1639576607,484.0,0.0,0.0,5.345808,5.23
2804,1639576607,472.0,0.0,0.0,5.345808,5.23
2805,1639576608,466.0,0.0,0.0,5.345808,5.27
2806,1639576608,472.0,0.0,0.0,5.345808,5.27
2807,1639576608,474.0,0.0,0.0,5.303632,5.27
2808,1639576608,478.0,0.0,0.0,5.303632,5.27
2809,1639576608,478.0,0.0,0.0,5.303632,5.27
2810,1639576608,482.0,0.0,0.0,5.303632,5.27
2811,1639576608,469.0,0.0,0.0,5.303632,5.27
2812,1639576608,480.0,0.0,0.0,5.303632,5.27
2813,1639576608,491.0,0.0,0.0,5.303632,5.27
2814,1639576608,481.0,0.0,0.0,5.303632,5.27
2815,1639576608,489.0,0.0,0.0,5.303632,5.27
2816,1639576608,474.0,0.0,0.0,5.303632,5.27
2817,1639576608,485.0,0.0,0.0,5.303632,5.27
2818,1639576608,499.0,0.0,0.0,5.303632,5.27
2819,1639576608,499.0,0.0,0.0,5.303632,5.27
2820,1639576608,479.0,0.0,0.0,5.303632,5.39
2821,1639576609,478.0,0.0,0.0,5.303632,5.39
2822,1639576609,489.0,0.0,0.0,5.314176,5.39
2823,1639576609,502.0,0.0,0.0,5.314176,5.39
2824,1639576609,510.0,0.0,0.0,5.314176,5.39
2825,1639576609,527.0,0.0,0.0,5.314176,5.39
2826,1639576609,520.0,0.0,0.0,5.314176,5.39
2827,1639576609,522.0,0.0,0.0,5.314176,5.39
2828,1639576609,524.0,0.0,0.0,5.314176,5.39
2829,1639576609,519.0,0.0,0.0,5.314176,5.39
2830,1639576609,510.0,0.0,0.0,5.314176,5.39
2831,1639576609,489.0,0.0,0.0,5.314176,5.39
2832,1639576609,486.0,0.0,0.0,5.314176,5.39
2833,1639576609,508.0,0.0,0.0,5.314176,5.39
2834,1639576609,475.0,0.0,0.0,5.314176,5.39
2835,1639576609,473.0,0.0,0.0,5.314176,5.39
2836,1639576609,477.0,0.0,0.0,5.314176,5.23
2837,1639576610,485.0,0.0,0.0,5.314176,5.23
2838,1639576610,487.0,0.0,0.0,5.272,5.23
2839,1639576610,489.0,0.0,0.0,5.272,5.23
2840,1639576610,489.0,0.0,0.0,5.272,5.23
2841,1639576610,479.0,0.0,0.0,5.272,5.23
2842,1639576610,474.0,0.0,0.0,5.272,5.23
2843,1639576610,475.0,0.0,0.0,5.272,5.23
2844,1639576610,463.0,0.0,0.0,5.272,5.23
2845,1639576610,484.0,0.0,0.0,5.272,5.23
2846,1639576610,495.0,0.0,0.0,5.272,5.23
2847,1639576610,496.0,0.0,0.0,5.272,5.23
2848,1639576610,495.0,0.0,0.0,5.272,5.23
2849,1639576610,490.0,0.0,0.0,5.272,5.23
2850,1639576610,499.0,0.0,0.0,5.272,5.23
2851,1639576610,485.0,0.0,0.0,5.272,5.23
2852,1639576610,482.0,0.0,0.0,5.272,5.32
2853,1639576611,482.0,0.0,0.0,5.272,5.32
2854,1639576611,475.0,0.0,0.0,5.419616,5.32
2855,1639576611,485.0,0.0,0.0,5.419616,5.32
2856,1639576611,474.0,0.0,0.0,5.419616,5.32
2857,1639576611,477.0,0.0,0.0,5.419616,5.32
2858,1639576611,473.0,0.0,0.0,5.419616,5.32
2859,1639576611,474.0,0.0,0.0,5.419616,5.32
2860,1639576611,466.0,0.0,0.0,5.419616,5.32
2861,1639576611,471.0,0.0,0.0,5.419616,5.32
2862,1639576611,474.0,0.0,0.0,5.419616,5.32
2863,1639576611,475.0,0.0,0.0,5.419616,5.32
2864,1639576611,491.0,0.0,0.0,5.419616,5.32
2865,1639576611,482.0,0.0,0.0,5.419616,5.32
2866,1639576611,492.0,0.0,0.0,5.419616,5.32
2867,1639576611,481.0,0.0,0.0,5.419616,5.32
2868,1639576612,501.0,0.0,0.0,5.419616,5.31
2869,1639576612,493.0,0.0,0.0,5.419616,5.31
2870,1639576612,506.0,0.0,0.0,5.303632,5.31
2871,1639576612,496.0,0.0,0.0,5.303632,5.31
2872,1639576612,484.0,0.0,0.0,5.303632,5.31
2873,1639576612,483.0,0.0,0.0,5.303632,5.31
2874,1639576612,492.0,0.0,0.0,5.303632,5.31
2875,1639576612,486.0,0.0,0.0,5.303632,5.31
2876,1639576612,498.0,0.0,0.0,5.303632,5.31
2877,1639576612,481.0,0.0,0.0,5.303632,5.31
2878,1639576612,482.0,0.0,0.0,5.303632,5.31
2879,1639576612,486.0,0.0,0.0,5.303632,5.31
2880,1639576612,478.0,0.0,0.0,5.303632,5.31
2881,1639576612,478.0,0.0,0.0,5.303632,5.31
2882,1639576612,480.0,0.0,0.0,5.303632,5.31
2883,1639576612,470.0,0.0,0.0,5.303632,5.38
2884,1639576613,470.0,0.0,0.0,5.303632,5.38
2885,1639576613,471.0,0.0,0.0,5.303632,5.38
2886,1639576613,479.0,0.0,0.0,5.451248,5.38
2887,1639576613,476.0,0.0,0.0,5.451248,5.38
2888,1639576613,480.0,0.0,0.0,5.451248,5.38
2889,1639576613,472.0,0.0,0.0,5.451248,5.38
2890,1639576613,478.0,0.0,0.0,5.451248,5.38
2891,1639576613,480.0,0.0,0.0,5.451248,5.38
2892,1639576613,486.0,0.0,0.0,5.451248,5.38
2893,1639576613,475.0,0.0,0.0,5.451248,5.38
2894,1639576613,471.0,0.0,0.0,5.451248,5.38
2895,1639576613,468.0,0.0,0.0,5.451248,5.38
2896,1639576613,466.0,0.0,0.0,5.451248,5.38
2897,1639576613,462.0,0.0,0.0,5.451248,5.38
2898,1639576613,461.0,0.0,0.0,5.451248,5.38
2899,1639576613,471.0,0.0,0.0,5.451248,5.38
2900,1639576614,466.0,0.0,0.0,5.451248,5.4
2901,1639576614,464.0,0.0,0.0,5.451248,5.4
2902,1639576614,450.0,0.0,0.0,5.472336,5.4
2903,1639576614,456.0,0.0,0.0,5.472336,5.4
2904,1639576614,469.0,0.0,0.0,5.472336,5.4
2905,1639576614,473.0,0.0,0.0,5.472336,5.4
2906,1639576614,461.0,0.0,0.0,5.472336,5.4
2907,1639576614,473.0,0.0,0.0,5.472336,5.4
2908,1639576614,522.0,0.0,0.0,5.472336,5.4
2909,1639576614,561.0,0.0,0.0,5.472336,5.4
2910,1639576614,633.0,0.0,0.0,5.472336,5.4
2911,1639576614,641.0,0.0,0.0,5.472336,5.4
2912,1639576614,643.0,0.0,0.0,5.472336,5.4
2913,1639576614,653.0,0.0,0.0,5.472336,5.4
2914,1639576614,659.0,0.0,0.0,5.472336,5.4
2915,1639576615,672.0,0.0,0.0,5.472336,4.53
2916,1639576615,691.0,0.0,0.0,5.472336,4.53
2917,1639576615,725.0,0.0,0.0,4.407392,4.53
2918,1639576615,656.0,0.0,0.0,4.407392,4.53
2919,1639576615,537.0,0.0,0.0,4.407392,4.53
2920,1639576615,526.0,0.0,0.0,4.407392,4.53
2921,1639576615,522.0,0.0,0.0,4.407392,4.53
2922,1639576615,525.0,0.0,0.0,4.407392,4.53
2923,1639576615,525.0,0.0,0.0,4.407392,4.53
2924,1639576615,512.0,0.0,0.0,4.407392,4.53
2925,1639576615,520.0,0.0,0.0,4.407392,4.53
2926,1639576615,518.0,0.0,0.0,4.407392,4.53
2927,1639576615,503.0,0.0,0.0,4.407392,4.53
2928,1639576615,519.0,0.0,0.0,4.407392,4.53
2929,1639576615,513.0,0.0,0.0,4.407392,4.53
2930,1639576615,511.0,0.0,0.0,4.407392,4.53
2931,1639576615,513.0,0.0,0.0,4.407392,4.93
2932,1639576616,515.0,0.0,0.0,4.407392,4.93
2933,1639576616,535.0,0.0,0.0,4.987312,4.93
2934,1639576616,531.0,0.0,0.0,4.987312,4.93
2935,1639576616,533.0,0.0,0.0,4.987312,4.93
2936,1639576616,535.0,0.0,0.0,4.987312,4.93
2937,1639576616,525.0,0.0,0.0,4.987312,4.93
2938,1639576616,518.0,0.0,0.0,4.987312,4.93
2939,1639576616,514.0,0.0,0.0,4.987312,4.93
2940,1639576616,516.0,0.0,0.0,4.987312,4.93
2941,1639576616,519.0,0.0,0.0,4.987312,4.93
2942,1639576616,536.0,0.0,0.0,4.987312,4.93
2943,1639576616,522.0,0.0,0.0,4.987312,4.93
2944,1639576616,523.0,0.0,0.0,4.987312,4.93
2945,1639576616,529.0,0.0,0.0,4.987312,4.93
2946,1639576616,536.0,0.0,0.0,4.987312,4.93
2947,1639576617,545.0,0.0,0.0,4.987312,4.92
2948,1639576617,556.0,0.0,0.0,4.987312,4.92
2949,1639576617,548.0,0.0,0.0,4.818608,4.92
2950,1639576617,555.0,0.0,0.0,4.818608,4.92
2951,1639576617,553.0,0.0,0.0,4.818608,4.92
2952,1639576617,550.0,0.0,0.0,4.818608,4.92
2953,1639576617,539.0,0.0,0.0,4.818608,4.92
2954,1639576617,531.0,0.0,0.0,4.818608,4.92
2955,1639576617,554.0,0.0,0.0,4.818608,4.92
2956,1639576617,517.0,0.0,0.0,4.818608,4.92
2957,1639576617,502.0,0.0,0.0,4.818608,4.92
2958,1639576617,511.0,0.0,0.0,4.818608,4.92
2959,1639576617,504.0,0.0,0.0,4.818608,4.92
2960,1639576617,507.0,0.0,0.0,4.818608,4.92
2961,1639576617,510.0,0.0,0.0,4.818608,4.92
2962,1639576617,503.0,0.0,0.0,4.818608,4.92
2963,1639576617,503.0,0.0,0.0,4.818608,4.94
2964,1639576618,500.0,0.0,0.0,4.818608,4.94
2965,1639576618,508.0,0.0,0.0,4.818608,4.94
2966,1639576618,509.0,0.0,0.0,5.145472,4.94
2967,1639576618,497.0,0.0,0.0,5.145472,4.94
2968,1639576618,510.0,0.0,0.0,5.145472,4.94
2969,1639576618,517.0,0.0,0.0,5.145472,4.94
2970,1639576618,502.0,0.0,0.0,5.145472,4.94
2971,1639576618,497.0,0.0,0.0,5.145472,4.94
2972,1639576618,520.0,0.0,0.0,5.145472,4.94
2973,1639576618,529.0,0.0,0.0,5.145472,4.94
2974,1639576618,538.0,0.0,0.0,5.145472,4.94
2975,1639576618,555.0,0.0,0.0,5.145472,4.94
2976,1639576618,566.0,0.0,0.0,5.145472,4.94
2977,1639576618,546.0,0.0,0.0,5.145472,4.94
2978,1639576618,541.0,0.0,0.0,5.145472,4.94
2979,1639576618,547.0,0.0,0.0,5.145472,4.94
2980,1639576619,527.0,0.0,0.0,5.145472,4.91
2981,1639576619,518.0,0.0,0.0,5.145472,4.91
2982,1639576619,543.0,0.0,0.0,4.860784,4.91
2983,1639576619,548.0,0.0,0.0,4.860784,4.91
2984,1639576619,535.0,0.0,0.0,4.860784,4.91
2985,1639576619,525.0,0.0,0.0,4.860784,4.91
2986,1639576619,527.0,0.0,0.0,4.860784,4.91
2987,1639576619,513.0,0.0,0.0,4.860784,4.91
2988,1639576619,532.0,0.0,0.0,4.860784,4.91
2989,1639576619,535.0,0.0,0.0,4.860784,4.91
2990,1639576619,536.0,0.0,0.0,4.860784,4.91
2991,1639576619,520.0,0.0,0.0,4.860784,4.91
2992,1639576619,520.0,0.0,0.0,4.860784,4.91
2993,1639576619,518.0,0.0,0.0,4.860784,4.91
2994,1639576619,508.0,0.0,0.0,4.860784,4.91
2995,1639576619,501.0,0.0,0.0,4.860784,4.91
2996,1639576619,529.0,0.0,0.0,4.860784,4.89
2997,1639576620,545.0,0.0,0.0,4.860784,4.89
2998,1639576620,544.0,0.0,0.0,4.860784,4.89
2999,1639576620,538.0,0.0,0.0,4.839696,4.89
3000,1639576620,554.0,0.0,0.0,4.839696,4.89
3001,1639576620,539.0,0.0,0.0,4.839696,4.89
3002,1639576620,544.0,0.0,0.0,4.839696,4.89
3003,1639576620,553.0,0.0,0.0,4.839696,4.89
3004,1639576620,534.0,0.0,0.0,4.839696,4.89
3005,1639576620,524.0,0.0,0.0,4.839696,4.89
3006,1639576620,515.0,0.0,0.0,4.839696,4.89
3007,1639576620,538.0,0.0,0.0,4.839696,4.89
3008,1639576620,545.0,0.0,0.0,4.839696,4.89
3009,1639576620,549.0,0.0,0.0,4.839696,4.89
3010,1639576620,532.0,0.0,0.0,4.839696,4.89
3011,1639576620,525.0,0.0,0.0,4.839696,4.89
3012,1639576621,528.0,0.0,0.0,4.839696,4.84
3013,1639576621,524.0,0.0,0.0,4.839696,4.84
3014,1639576621,532.0,0.0,0.0,4.913504,4.84
3015,1639576621,524.0,0.0,0.0,4.913504,4.84
3016,1639576621,501.0,0.0,0.0,4.913504,4.84
3017,1639576621,526.0,0.0,0.0,4.913504,4.84
3018,1639576621,522.0,0.0,0.0,4.913504,4.84
3019,1639576621,520.0,0.0,0.0,4.913504,4.84
3020,1639576621,515.0,0.0,0.0,4.913504,4.84
3021,1639576621,501.0,0.0,0.0,4.913504,4.84
3022,1639576621,497.0,0.0,0.0,4.913504,4.84
3023,1639576621,504.0,0.0,0.0,4.913504,4.84
3024,1639576621,518.0,0.0,0.0,4.913504,4.84
3025,1639576621,523.0,0.0,0.0,4.913504,4.84
3026,1639576621,515.0,0.0,0.0,4.913504,4.84
3027,1639576621,523.0,0.0,0.0,4.913504,4.84
3028,1639576621,536.0,0.0,0.0,4.913504,4.84
3029,1639576622,521.0,0.0,0.0,4.913504,5.0
3030,1639576622,521.0,0.0,0.0,4.913504,5.0
3031,1639576622,526.0,0.0,0.0,5.06112,5.0
3032,1639576622,528.0,0.0,0.0,5.06112,5.0
3033,1639576622,556.0,0.0,0.0,5.06112,5.0
3034,1639576622,550.0,0.0,0.0,5.06112,5.0
3035,1639576622,545.0,0.0,0.0,5.06112,5.0
3036,1639576622,541.0,0.0,0.0,5.06112,5.0
3037,1639576622,567.0,0.0,0.0,5.06112,5.0
3038,1639576622,571.0,0.0,0.0,5.06112,5.0
3039,1639576622,571.0,0.0,0.0,5.06112,5.0
3040,1639576622,578.0,0.0,0.0,5.06112,5.0
3041,1639576622,558.0,0.0,0.0,5.06112,5.0
3042,1639576622,542.0,0.0,0.0,5.06112,5.0
3043,1639576622,570.0,0.0,0.0,5.06112,5.0
3044,1639576622,577.0,0.0,0.0,5.06112,5.0
3045,1639576623,576.0,0.0,0.0,5.06112,4.68
3046,1639576623,573.0,0.0,0.0,5.06112,4.68
3047,1639576623,580.0,0.0,0.0,4.555008,4.68
3048,1639576623,577.0,0.0,0.0,4.555008,4.68
3049,1639576623,575.0,0.0,0.0,4.555008,4.68
3050,1639576623,591.0,0.0,0.0,4.555008,4.68
3051,1639576623,609.0,0.0,0.0,4.555008,4.68
3052,1639576623,586.0,0.0,0.0,4.555008,4.68
3053,1639576623,588.0,0.0,0.0,4.555008,4.68
3054,1639576623,583.0,0.0,0.0,4.555008,4.68
3055,1639576623,564.0,0.0,0.0,4.555008,4.68
3056,1639576623,580.0,0.0,0.0,4.555008,4.68
3057,1639576623,581.0,0.0,0.0,4.555008,4.68
3058,1639576623,572.0,0.0,0.0,4.555008,4.68
3059,1639576623,569.0,0.0,0.0,4.555008,4.68
3060,1639576624,559.0,0.0,0.0,4.555008,4.45
3061,1639576624,558.0,0.0,0.0,4.555008,4.45
3062,1639576624,570.0,0.0,0.0,4.576096,4.45
3063,1639576624,562.0,0.0,0.0,4.576096,4.45
3064,1639576624,567.0,0.0,0.0,4.576096,4.45
3065,1639576624,568.0,0.0,0.0,4.576096,4.45
3066,1639576624,575.0,0.0,0.0,4.576096,4.45
3067,1639576624,582.0,0.0,0.0,4.576096,4.45
3068,1639576624,588.0,0.0,0.0,4.576096,4.45
3069,1639576624,582.0,0.0,0.0,4.576096,4.45
3070,1639576624,568.0,0.0,0.0,4.576096,4.45
3071,1639576624,618.0,0.0,0.0,4.576096,4.45
3072,1639576624,683.0,0.0,0.0,4.576096,4.45
3073,1639576624,723.0,0.0,0.0,4.576096,4.45
3074,1639576624,725.0,0.0,0.0,4.576096,4.45
3075,1639576625,742.0,0.0,0.0,4.576096,3.83
3076,1639576625,763.0,0.0,0.0,4.576096,3.83
3077,1639576625,756.0,0.0,0.0,3.806384,3.83
3078,1639576625,763.0,0.0,0.0,3.806384,3.83
3079,1639576625,763.0,0.0,0.0,3.806384,3.83
3080,1639576625,750.0,0.0,0.0,3.806384,3.83
3081,1639576625,754.0,0.0,0.0,3.806384,3.83
3082,1639576625,789.0,0.0,0.0,3.806384,3.83
3083,1639576625,803.0,0.0,0.0,3.806384,3.83
3084,1639576625,630.0,0.0,0.0,3.806384,3.83
3085,1639576625,606.0,0.0,0.0,3.806384,3.83
3086,1639576625,598.0,0.0,0.0,3.806384,3.83
3087,1639576625,618.0,0.0,0.0,3.806384,3.83
3088,1639576625,559.0,0.0,0.0,3.806384,3.83
3089,1639576625,566.0,0.0,0.0,3.806384,3.83
3090,1639576625,584.0,0.0,0.0,3.806384,3.83
3091,1639576626,576.0,0.0,0.0,3.806384,4.34
3092,1639576626,572.0,0.0,0.0,3.806384,4.34
3093,1639576626,565.0,0.0,0.0,4.470656,4.34
3094,1639576626,550.0,0.0,0.0,4.470656,4.34
3095,1639576626,556.0,0.0,0.0,4.470656,4.34
3096,1639576626,557.0,0.0,0.0,4.470656,4.34
3097,1639576626,555.0,0.0,0.0,4.470656,4.34
3098,1639576626,543.0,0.0,0.0,4.470656,4.34
3099,1639576626,526.0,0.0,0.0,4.470656,4.34
3100,1639576626,518.0,0.0,0.0,4.470656,4.34
3101,1639576626,508.0,0.0,0.0,4.470656,4.34
3102,1639576626,513.0,0.0,0.0,4.470656,4.34
3103,1639576626,507.0,0.0,0.0,4.470656,4.34
3104,1639576626,499.0,0.0,0.0,4.470656,4.34
3105,1639576626,491.0,0.0,0.0,4.470656,4.34
3106,1639576626,495.0,0.0,0.0,4.470656,4.34
3107,1639576626,479.0,0.0,0.0,4.470656,4.34
3108,1639576627,495.0,0.0,0.0,4.470656,5.05
3109,1639576627,499.0,0.0,0.0,4.470656,5.05
3110,1639576627,512.0,0.0,0.0,5.124384,5.05
3111,1639576627,502.0,0.0,0.0,5.124384,5.05
3112,1639576627,497.0,0.0,0.0,5.124384,5.05
3113,1639576627,504.0,0.0,0.0,5.124384,5.05
3114,1639576627,498.0,0.0,0.0,5.124384,5.05
3115,1639576627,492.0,0.0,0.0,5.124384,5.05
3116,1639576627,477.0,0.0,0.0,5.124384,5.05
3117,1639576627,473.0,0.0,0.0,5.124384,5.05
3118,1639576627,475.0,0.0,0.0,5.124384,5.05
3119,1639576627,482.0,0.0,0.0,5.124384,5.05
3120,1639576627,478.0,0.0,0.0,5.124384,5.05
3121,1639576627,473.0,0.0,0.0,5.124384,5.05
3122,1639576627,470.0,0.0,0.0,5.124384,5.05
3123,1639576627,489.0,0.0,0.0,5.124384,5.05
3124,1639576627,478.0,0.0,0.0,5.124384,5.05
3125,1639576628,473.0,0.0,0.0,5.124384,5.43
3126,1639576628,476.0,0.0,0.0,5.124384,5.43
3127,1639576628,464.0,0.0,0.0,5.503968,5.43
3128,1639576628,459.0,0.0,0.0,5.503968,5.43
3129,1639576628,456.0,0.0,0.0,5.503968,5.43
3130,1639576628,447.0,0.0,0.0,5.503968,5.43
3131,1639576628,448.0,0.0,0.0,5.503968,5.43
3132,1639576628,454.0,0.0,0.0,5.503968,5.43
3133,1639576628,449.0,0.0,0.0,5.503968,5.43
3134,1639576628,438.0,0.0,0.0,5.503968,5.43
3135,1639576628,440.0,0.0,0.0,5.503968,5.43
3136,1639576628,448.0,0.0,0.0,5.503968,5.43
3137,1639576628,426.0,0.0,0.0,5.503968,5.43
3138,1639576628,418.0,0.0,0.0,5.503968,5.43
3139,1639576628,408.0,0.0,0.0,5.503968,5.43
3140,1639576628,410.0,0.0,0.0,5.503968,5.43
3141,1639576629,429.0,0.0,0.0,5.503968,5.84
3142,1639576629,435.0,0.0,0.0,5.503968,5.84
3143,1639576629,437.0,0.0,0.0,5.503968,5.84
3144,1639576629,436.0,0.0,0.0,5.894096,5.84
3145,1639576629,447.0,0.0,0.0,5.894096,5.84
3146,1639576629,466.0,0.0,0.0,5.894096,5.84
3147,1639576629,456.0,0.0,0.0,5.894096,5.84
3148,1639576629,454.0,0.0,0.0,5.894096,5.84
3149,1639576629,453.0,0.0,0.0,5.894096,5.84
3150,1639576629,461.0,0.0,0.0,5.894096,5.84
3151,1639576629,455.0,0.0,0.0,5.894096,5.84
3152,1639576629,447.0,0.0,0.0,5.894096,5.84
3153,1639576629,446.0,0.0,0.0,5.894096,5.84
3154,1639576629,442.0,0.0,0.0,5.894096,5.84
3155,1639576629,444.0,0.0,0.0,5.894096,5.84
3156,1639576630,437.0,0.0,0.0,5.894096,5.77
3157,1639576630,429.0,0.0,0.0,5.894096,5.77
3158,1639576630,449.0,0.0,0.0,5.894096,5.77
3159,1639576630,459.0,0.0,0.0,5.85192,5.77
3160,1639576630,446.0,0.0,0.0,5.85192,5.77
3161,1639576630,439.0,0.0,0.0,5.85192,5.77
3162,1639576630,440.0,0.0,0.0,5.85192,5.77
3163,1639576630,437.0,0.0,0.0,5.85192,5.77
3164,1639576630,432.0,0.0,0.0,5.85192,5.77
3165,1639576630,432.0,0.0,0.0,5.85192,5.77
3166,1639576630,423.0,0.0,0.0,5.85192,5.77
3167,1639576630,418.0,0.0,0.0,5.85192,5.77
3168,1639576630,425.0,0.0,0.0,5.85192,5.77
3169,1639576630,425.0,0.0,0.0,5.85192,5.77
3170,1639576630,430.0,0.0,0.0,5.85192,5.77
3171,1639576630,432.0,0.0,0.0,5.85192,5.77
3172,1639576631,438.0,0.0,0.0,5.85192,5.77
3173,1639576631,438.0,0.0,0.0,5.85192,5.93
3174,1639576631,435.0,0.0,0.0,5.85192,5.93
3175,1639576631,447.0,0.0,0.0,5.862464,5.93
3176,1639576631,450.0,0.0,0.0,5.862464,5.93
3177,1639576631,465.0,0.0,0.0,5.862464,5.93
3178,1639576631,461.0,0.0,0.0,5.862464,5.93
3179,1639576631,465.0,0.0,0.0,5.862464,5.93
3180,1639576631,476.0,0.0,0.0,5.862464,5.93
3181,1639576631,464.0,0.0,0.0,5.862464,5.93
3182,1639576631,465.0,0.0,0.0,5.862464,5.93
3183,1639576631,470.0,0.0,0.0,5.862464,5.93
3184,1639576631,465.0,0.0,0.0,5.862464,5.93
3185,1639576631,452.0,0.0,0.0,5.862464,5.93
3186,1639576631,465.0,0.0,0.0,5.862464,5.93
3187,1639576631,469.0,0.0,0.0,5.862464,5.93
3188,1639576631,480.0,0.0,0.0,5.862464,5.93
3189,1639576632,490.0,0.0,0.0,5.862464,5.43
3190,1639576632,471.0,0.0,0.0,5.862464,5.43
3191,1639576632,494.0,0.0,0.0,5.5356,5.43
3192,1639576632,492.0,0.0,0.0,5.5356,5.43
3193,1639576632,492.0,0.0,0.0,5.5356,5.43
3194,1639576632,493.0,0.0,0.0,5.5356,5.43
3195,1639576632,476.0,0.0,0.0,5.5356,5.43
3196,1639576632,460.0,0.0,0.0,5.5356,5.43
3197,1639576632,454.0,0.0,0.0,5.5356,5.43
3198,1639576632,477.0,0.0,0.0,5.5356,5.43
3199,1639576632,487.0,0.0,0.0,5.5356,5.43
3200,1639576632,482.0,0.0,0.0,5.5356,5.43
3201,1639576632,474.0,0.0,0.0,5.5356,5.43
3202,1639576632,488.0,0.0,0.0,5.5356,5.43
3203,1639576632,494.0,0.0,0.0,5.5356,5.43
3204,1639576632,488.0,0.0,0.0,5.5356,5.43
3205,1639576633,479.0,0.0,0.0,5.5356,5.43
3206,1639576633,470.0,0.0,0.0,5.5356,5.45
3207,1639576633,478.0,0.0,0.0,5.5356,5.45
3208,1639576633,481.0,0.0,0.0,5.5356,5.45
3209,1639576633,484.0,0.0,0.0,5.366896,5.45
3210,1639576633,461.0,0.0,0.0,5.366896,5.45
3211,1639576633,460.0,0.0,0.0,5.366896,5.45
3212,1639576633,473.0,0.0,0.0,5.366896,5.45
3213,1639576633,473.0,0.0,0.0,5.366896,5.45
3214,1639576633,468.0,0.0,0.0,5.366896,5.45
3215,1639576633,455.0,0.0,0.0,5.366896,5.45
3216,1639576633,452.0,0.0,0.0,5.366896,5.45
3217,1639576633,470.0,0.0,0.0,5.366896,5.45
3218,1639576633,494.0,0.0,0.0,5.366896,5.45
3219,1639576633,497.0,0.0,0.0,5.366896,5.45
3220,1639576633,479.0,0.0,0.0,5.366896,5.45
3221,1639576634,478.0,0.0,0.0,5.366896,5.45
3222,1639576634,482.0,0.0,0.0,5.366896,5.37
3223,1639576634,465.0,0.0,0.0,5.366896,5.37
3224,1639576634,478.0,0.0,0.0,5.598864,5.37
3225,1639576634,464.0,0.0,0.0,5.598864,5.37
3226,1639576634,447.0,0.0,0.0,5.598864,5.37
3227,1639576634,462.0,0.0,0.0,5.598864,5.37
3228,1639576634,455.0,0.0,0.0,5.598864,5.37
3229,1639576634,460.0,0.0,0.0,5.598864,5.37
3230,1639576634,467.0,0.0,0.0,5.598864,5.37
3231,1639576634,482.0,0.0,0.0,5.598864,5.37
3232,1639576634,474.0,0.0,0.0,5.598864,5.37
3233,1639576634,477.0,0.0,0.0,5.598864,5.37
3234,1639576634,484.0,0.0,0.0,5.598864,5.37
3235,1639576634,470.0,0.0,0.0,5.598864,5.37
3236,1639576634,460.0,0.0,0.0,5.598864,5.37
3237,1639576635,535.0,0.0,0.0,5.598864,5.28
3238,1639576635,558.0,0.0,0.0,5.598864,5.28
3239,1639576635,606.0,0.0,0.0,5.598864,5.28
3240,1639576635,651.0,0.0,0.0,4.7448,5.28
3241,1639576635,656.0,0.0,0.0,4.7448,5.28
3242,1639576635,656.0,0.0,0.0,4.7448,5.28
3243,1639576635,680.0,0.0,0.0,4.7448,5.28
3244,1639576635,677.0,0.0,0.0,4.7448,5.28
3245,1639576635,691.0,0.0,0.0,4.7448,5.28
3246,1639576635,693.0,0.0,0.0,4.7448,5.28
3247,1639576635,719.0,0.0,0.0,4.7448,5.28
3248,1639576635,729.0,0.0,0.0,4.7448,5.28
3249,1639576635,560.0,0.0,0.0,4.7448,5.28
3250,1639576635,543.0,0.0,0.0,4.7448,5.28
3251,1639576635,529.0,0.0,0.0,4.7448,5.28
3252,1639576635,536.0,0.0,0.0,4.7448,5.28
3253,1639576636,538.0,0.0,0.0,4.7448,5.28
3254,1639576636,531.0,0.0,0.0,4.7448,4.29
3255,1639576636,537.0,0.0,0.0,4.7448,4.29
3256,1639576636,519.0,0.0,0.0,4.7448,4.29
3257,1639576636,515.0,0.0,0.0,4.829152,4.29
3258,1639576636,508.0,0.0,0.0,4.829152,4.29
3259,1639576636,513.0,0.0,0.0,4.829152,4.29
3260,1639576636,506.0,0.0,0.0,4.829152,4.29
3261,1639576636,514.0,0.0,0.0,4.829152,4.29
3262,1639576636,524.0,0.0,0.0,4.829152,4.29
3263,1639576636,526.0,0.0,0.0,4.829152,4.29
3264,1639576636,528.0,0.0,0.0,4.829152,4.29
3265,1639576636,542.0,0.0,0.0,4.829152,4.29
3266,1639576636,542.0,0.0,0.0,4.829152,4.29
3267,1639576636,541.0,0.0,0.0,4.829152,4.29
3268,1639576637,547.0,0.0,0.0,4.829152,4.29
3269,1639576637,547.0,0.0,0.0,4.829152,4.95
3270,1639576637,537.0,0.0,0.0,4.829152,4.95
3271,1639576637,538.0,0.0,0.0,4.924048,4.95
3272,1639576637,538.0,0.0,0.0,4.924048,4.95
3273,1639576637,523.0,0.0,0.0,4.924048,4.95
3274,1639576637,525.0,0.0,0.0,4.924048,4.95
3275,1639576637,530.0,0.0,0.0,4.924048,4.95
3276,1639576637,525.0,0.0,0.0,4.924048,4.95
3277,1639576637,515.0,0.0,0.0,4.924048,4.95
3278,1639576637,518.0,0.0,0.0,4.924048,4.95
3279,1639576637,514.0,0.0,0.0,4.924048,4.95
3280,1639576637,505.0,0.0,0.0,4.924048,4.95
3281,1639576637,490.0,0.0,0.0,4.924048,4.95
3282,1639576637,485.0,0.0,0.0,4.924048,4.95
3283,1639576637,493.0,0.0,0.0,4.924048,4.95
3284,1639576638,510.0,0.0,0.0,4.924048,4.95
3285,1639576638,518.0,0.0,0.0,4.924048,5.05
3286,1639576638,537.0,0.0,0.0,4.924048,5.05
3287,1639576638,531.0,0.0,0.0,4.997856,5.05
3288,1639576638,534.0,0.0,0.0,4.997856,5.05
3289,1639576638,533.0,0.0,0.0,4.997856,5.05
3290,1639576638,532.0,0.0,0.0,4.997856,5.05
3291,1639576638,525.0,0.0,0.0,4.997856,5.05
3292,1639576638,511.0,0.0,0.0,4.997856,5.05
3293,1639576638,494.0,0.0,0.0,4.997856,5.05
3294,1639576638,518.0,0.0,0.0,4.997856,5.05
3295,1639576638,507.0,0.0,0.0,4.997856,5.05
3296,1639576638,513.0,0.0,0.0,4.997856,5.05
3297,1639576638,526.0,0.0,0.0,4.997856,5.05
3298,1639576638,537.0,0.0,0.0,4.997856,5.05
3299,1639576638,538.0,0.0,0.0,4.997856,5.05
3300,1639576639,534.0,0.0,0.0,4.997856,5.05
3301,1639576639,536.0,0.0,0.0,4.997856,4.95
3302,1639576639,544.0,0.0,0.0,4.997856,4.95
3303,1639576639,543.0,0.0,0.0,5.040032,4.95
3304,1639576639,546.0,0.0,0.0,5.040032,4.95
3305,1639576639,545.0,0.0,0.0,5.040032,4.95
3306,1639576639,545.0,0.0,0.0,5.040032,4.95
3307,1639576639,539.0,0.0,0.0,5.040032,4.95
3308,1639576639,555.0,0.0,0.0,5.040032,4.95
3309,1639576639,566.0,0.0,0.0,5.040032,4.95
3310,1639576639,560.0,0.0,0.0,5.040032,4.95
3311,1639576639,572.0,0.0,0.0,5.040032,4.95
3312,1639576639,567.0,0.0,0.0,5.040032,4.95
3313,1639576639,576.0,0.0,0.0,5.040032,4.95
3314,1639576639,575.0,0.0,0.0,5.040032,4.95
3315,1639576640,589.0,0.0,0.0,5.040032,4.6
3316,1639576640,579.0,0.0,0.0,5.040032,4.6
3317,1639576640,563.0,0.0,0.0,5.040032,4.6
3318,1639576640,538.0,0.0,0.0,4.618272,4.6
3319,1639576640,538.0,0.0,0.0,4.618272,4.6
3320,1639576640,552.0,0.0,0.0,4.618272,4.6
3321,1639576640,530.0,0.0,0.0,4.618272,4.6
3322,1639576640,543.0,0.0,0.0,4.618272,4.6
3323,1639576640,538.0,0.0,0.0,4.618272,4.6
3324,1639576640,527.0,0.0,0.0,4.618272,4.6
3325,1639576640,532.0,0.0,0.0,4.618272,4.6
3326,1639576640,565.0,0.0,0.0,4.618272,4.6
3327,1639576640,569.0,0.0,0.0,4.618272,4.6
3328,1639576640,574.0,0.0,0.0,4.618272,4.6
3329,1639576640,569.0,0.0,0.0,4.618272,4.6
3330,1639576641,568.0,0.0,0.0,4.618272,4.6
3331,1639576641,570.0,0.0,0.0,4.618272,4.72
3332,1639576641,560.0,0.0,0.0,4.618272,4.72
3333,1639576641,576.0,0.0,0.0,4.618272,4.72
3334,1639576641,557.0,0.0,0.0,4.69208,4.72
3335,1639576641,555.0,0.0,0.0,4.69208,4.72
3336,1639576641,551.0,0.0,0.0,4.69208,4.72
3337,1639576641,552.0,0.0,0.0,4.69208,4.72
3338,1639576641,551.0,0.0,0.0,4.69208,4.72
3339,1639576641,539.0,0.0,0.0,4.69208,4.72
3340,1639576641,541.0,0.0,0.0,4.69208,4.72
3341,1639576641,538.0,0.0,0.0,4.69208,4.72
3342,1639576641,551.0,0.0,0.0,4.69208,4.72
3343,1639576641,542.0,0.0,0.0,4.69208,4.72
3344,1639576641,547.0,0.0,0.0,4.69208,4.72
3345,1639576641,524.0,0.0,0.0,4.69208,4.72
3346,1639576642,535.0,0.0,0.0,4.69208,4.72
3347,1639576642,545.0,0.0,0.0,4.69208,4.77
3348,1639576642,523.0,0.0,0.0,4.69208,4.77
3349,1639576642,526.0,0.0,0.0,4.90296,4.77
3350,1639576642,519.0,0.0,0.0,4.90296,4.77
3351,1639576642,507.0,0.0,0.0,4.90296,4.77
3352,1639576642,503.0,0.0,0.0,4.90296,4.77
3353,1639576642,506.0,0.0,0.0,4.90296,4.77
3354,1639576642,488.0,0.0,0.0,4.90296,4.77
3355,1639576642,479.0,0.0,0.0,4.90296,4.77
3356,1639576642,490.0,0.0,0.0,4.90296,4.77
3357,1639576642,477.0,0.0,0.0,4.90296,4.77
3358,1639576642,470.0,0.0,0.0,4.90296,4.77
3359,1639576642,470.0,0.0,0.0,4.90296,4.77
3360,1639576642,469.0,0.0,0.0,4.90296,4.77
3361,1639576642,466.0,0.0,0.0,4.90296,4.77
3362,1639576642,458.0,0.0,0.0,4.90296,4.77
3363,1639576643,468.0,0.0,0.0,4.90296,4.77
3364,1639576643,470.0,0.0,0.0,4.90296,5.37
3365,1639576643,489.0,0.0,0.0,4.90296,5.37
3366,1639576643,512.0,0.0,0.0,5.387984,5.37
3367,1639576643,501.0,0.0,0.0,5.387984,5.37
3368,1639576643,499.0,0.0,0.0,5.387984,5.37
3369,1639576643,520.0,0.0,0.0,5.387984,5.37
3370,1639576643,533.0,0.0,0.0,5.387984,5.37
3371,1639576643,536.0,0.0,0.0,5.387984,5.37
3372,1639576643,528.0,0.0,0.0,5.387984,5.37
3373,1639576643,509.0,0.0,0.0,5.387984,5.37
3374,1639576643,532.0,0.0,0.0,5.387984,5.37
3375,1639576643,525.0,0.0,0.0,5.387984,5.37
3376,1639576643,517.0,0.0,0.0,5.387984,5.37
3377,1639576643,508.0,0.0,0.0,5.387984,5.37
3378,1639576644,503.0,0.0,0.0,5.387984,5.37
3379,1639576644,506.0,0.0,0.0,5.387984,5.01
3380,1639576644,521.0,0.0,0.0,5.387984,5.01
3381,1639576644,519.0,0.0,0.0,5.018944,5.01
3382,1639576644,515.0,0.0,0.0,5.018944,5.01
3383,1639576644,533.0,0.0,0.0,5.018944,5.01
3384,1639576644,530.0,0.0,0.0,5.018944,5.01
3385,1639576644,527.0,0.0,0.0,5.018944,5.01
3386,1639576644,519.0,0.0,0.0,5.018944,5.01
3387,1639576644,510.0,0.0,0.0,5.018944,5.01
3388,1639576644,506.0,0.0,0.0,5.018944,5.01
3389,1639576644,527.0,0.0,0.0,5.018944,5.01
3390,1639576644,537.0,0.0,0.0,5.018944,5.01
3391,1639576644,538.0,0.0,0.0,5.018944,5.01
3392,1639576644,539.0,0.0,0.0,5.018944,5.01
3393,1639576645,559.0,0.0,0.0,5.018944,5.01
3394,1639576645,554.0,0.0,0.0,5.018944,4.72
3395,1639576645,566.0,0.0,0.0,5.018944,4.72
3396,1639576645,601.0,0.0,0.0,4.681536,4.72
3397,1639576645,653.0,0.0,0.0,4.681536,4.72
3398,1639576645,712.0,0.0,0.0,4.681536,4.72
3399,1639576645,738.0,0.0,0.0,4.681536,4.72
3400,1639576645,751.0,0.0,0.0,4.681536,4.72
3401,1639576645,763.0,0.0,0.0,4.681536,4.72
3402,1639576645,778.0,0.0,0.0,4.681536,4.72
3403,1639576645,779.0,0.0,0.0,4.681536,4.72
3404,1639576645,781.0,0.0,0.0,4.681536,4.72
3405,1639576645,782.0,0.0,0.0,4.681536,4.72
3406,1639576645,798.0,0.0,0.0,4.681536,4.72
3407,1639576645,813.0,0.0,0.0,4.681536,4.72
3408,1639576646,811.0,0.0,0.0,4.681536,4.72
3409,1639576646,710.0,0.0,0.0,4.681536,3.5
3410,1639576646,667.0,0.0,0.0,4.681536,3.5
3411,1639576646,641.0,0.0,0.0,3.395168,3.5
3412,1639576646,641.0,0.0,0.0,3.395168,3.5
3413,1639576646,643.0,0.0,0.0,3.395168,3.5
3414,1639576646,628.0,0.0,0.0,3.395168,3.5
3415,1639576646,610.0,0.0,0.0,3.395168,3.5
3416,1639576646,611.0,0.0,0.0,3.395168,3.5
3417,1639576646,624.0,0.0,0.0,3.395168,3.5
3418,1639576646,629.0,0.0,0.0,3.395168,3.5
3419,1639576646,622.0,0.0,0.0,3.395168,3.5
3420,1639576646,609.0,0.0,0.0,3.395168,3.5
3421,1639576646,602.0,0.0,0.0,3.395168,3.5
3422,1639576646,602.0,0.0,0.0,3.395168,3.5
3423,1639576647,610.0,0.0,0.0,3.395168,3.5
3424,1639576647,601.0,0.0,0.0,3.395168,4.26
3425,1639576647,595.0,0.0,0.0,3.395168,4.26
3426,1639576647,578.0,0.0,0.0,4.37576,4.26
3427,1639576647,579.0,0.0,0.0,4.37576,4.26
3428,1639576647,572.0,0.0,0.0,4.37576,4.26
3429,1639576647,571.0,0.0,0.0,4.37576,4.26
3430,1639576647,584.0,0.0,0.0,4.37576,4.26
3431,1639576647,576.0,0.0,0.0,4.37576,4.26
3432,1639576647,585.0,0.0,0.0,4.37576,4.26
3433,1639576647,586.0,0.0,0.0,4.37576,4.26
3434,1639576647,603.0,0.0,0.0,4.37576,4.26
3435,1639576647,600.0,0.0,0.0,4.37576,4.26
3436,1639576647,583.0,0.0,0.0,4.37576,4.26
3437,1639576647,577.0,0.0,0.0,4.37576,4.26
3438,1639576648,565.0,0.0,0.0,4.37576,4.26
3439,1639576648,554.0,0.0,0.0,4.37576,4.58
3440,1639576648,554.0,0.0,0.0,4.37576,4.58
3441,1639576648,557.0,0.0,0.0,4.53392,4.58
3442,1639576648,555.0,0.0,0.0,4.53392,4.58
3443,1639576648,545.0,0.0,0.0,4.53392,4.58
3444,1639576648,543.0,0.0,0.0,4.53392,4.58
3445,1639576648,543.0,0.0,0.0,4.53392,4.58
3446,1639576648,555.0,0.0,0.0,4.53392,4.58
3447,1639576648,559.0,0.0,0.0,4.53392,4.58
3448,1639576648,560.0,0.0,0.0,4.53392,4.58
3449,1639576648,535.0,0.0,0.0,4.53392,4.58
3450,1639576648,535.0,0.0,0.0,4.53392,4.58
3451,1639576648,554.0,0.0,0.0,4.53392,4.58
3452,1639576648,562.0,0.0,0.0,4.53392,4.58
3453,1639576649,559.0,0.0,0.0,4.53392,4.58
3454,1639576649,561.0,0.0,0.0,4.53392,4.58
3455,1639576649,555.0,0.0,0.0,4.53392,4.67
3456,1639576649,562.0,0.0,0.0,4.53392,4.67
3457,1639576649,542.0,0.0,0.0,4.776432,4.67
3458,1639576649,547.0,0.0,0.0,4.776432,4.67
3459,1639576649,563.0,0.0,0.0,4.776432,4.67
3460,1639576649,557.0,0.0,0.0,4.776432,4.67
3461,1639576649,558.0,0.0,0.0,4.776432,4.67
3462,1639576649,565.0,0.0,0.0,4.776432,4.67
3463,1639576649,561.0,0.0,0.0,4.776432,4.67
3464,1639576649,562.0,0.0,0.0,4.776432,4.67
3465,1639576649,567.0,0.0,0.0,4.776432,4.67
3466,1639576649,568.0,0.0,0.0,4.776432,4.67
3467,1639576649,573.0,0.0,0.0,4.776432,4.67
3468,1639576649,583.0,0.0,0.0,4.776432,4.67
3469,1639576650,569.0,0.0,0.0,4.776432,4.67
3470,1639576650,571.0,0.0,0.0,4.776432,4.59
3471,1639576650,556.0,0.0,0.0,4.776432,4.59
3472,1639576650,569.0,0.0,0.0,4.597184,4.59
3473,1639576650,559.0,0.0,0.0,4.597184,4.59
3474,1639576650,547.0,0.0,0.0,4.597184,4.59
3475,1639576650,571.0,0.0,0.0,4.597184,4.59
3476,1639576650,558.0,0.0,0.0,4.597184,4.59
3477,1639576650,513.0,0.0,0.0,4.597184,4.59
3478,1639576650,531.0,0.0,0.0,4.597184,4.59
3479,1639576650,532.0,0.0,0.0,4.597184,4.59
3480,1639576650,525.0,0.0,0.0,4.597184,4.59
3481,1639576650,528.0,0.0,0.0,4.597184,4.59
3482,1639576650,523.0,0.0,0.0,4.597184,4.59
3483,1639576650,517.0,0.0,0.0,4.597184,4.59
3484,1639576650,512.0,0.0,0.0,4.597184,4.59
3485,1639576651,507.0,0.0,0.0,4.597184,4.59
3486,1639576651,517.0,0.0,0.0,4.597184,5.03
3487,1639576651,510.0,0.0,0.0,4.597184,5.03
3488,1639576651,499.0,0.0,0.0,5.029488,5.03
3489,1639576651,505.0,0.0,0.0,5.029488,5.03
3490,1639576651,504.0,0.0,0.0,5.029488,5.03
3491,1639576651,528.0,0.0,0.0,5.029488,5.03
3492,1639576651,536.0,0.0,0.0,5.029488,5.03
3493,1639576651,539.0,0.0,0.0,5.029488,5.03
3494,1639576651,545.0,0.0,0.0,5.029488,5.03
3495,1639576651,548.0,0.0,0.0,5.029488,5.03
3496,1639576651,544.0,0.0,0.0,5.029488,5.03
3497,1639576651,543.0,0.0,0.0,5.029488,5.03
3498,1639576651,545.0,0.0,0.0,5.029488,5.03
3499,1639576651,524.0,0.0,0.0,5.029488,5.03
3500,1639576652,532.0,0.0,0.0,5.029488,5.03
3501,1639576652,534.0,0.0,0.0,5.029488,5.03
3502,1639576652,522.0,0.0,0.0,5.029488,4.75
3503,1639576652,543.0,0.0,0.0,5.029488,4.75
3504,1639576652,544.0,0.0,0.0,4.79752,4.75
3505,1639576652,525.0,0.0,0.0,4.79752,4.75
3506,1639576652,534.0,0.0,0.0,4.79752,4.75
3507,1639576652,530.0,0.0,0.0,4.79752,4.75
3508,1639576652,513.0,0.0,0.0,4.79752,4.75
3509,1639576652,526.0,0.0,0.0,4.79752,4.75
3510,1639576652,519.0,0.0,0.0,4.79752,4.75
3511,1639576652,528.0,0.0,0.0,4.79752,4.75
3512,1639576652,523.0,0.0,0.0,4.79752,4.75
3513,1639576652,513.0,0.0,0.0,4.79752,4.75
3514,1639576652,525.0,0.0,0.0,4.79752,4.75
3515,1639576652,516.0,0.0,0.0,4.79752,4.75
3516,1639576652,511.0,0.0,0.0,4.79752,4.75
3517,1639576653,510.0,0.0,0.0,4.79752,4.75
3518,1639576653,505.0,0.0,0.0,4.79752,4.75
3519,1639576653,511.0,0.0,0.0,4.79752,5.03
3520,1639576653,524.0,0.0,0.0,4.79752,5.03
3521,1639576653,532.0,0.0,0.0,5.029488,5.03
3522,1639576653,532.0,0.0,0.0,5.029488,5.03
3523,1639576653,531.0,0.0,0.0,5.029488,5.03
3524,1639576653,528.0,0.0,0.0,5.029488,5.03
3525,1639576653,524.0,0.0,0.0,5.029488,5.03
3526,1639576653,537.0,0.0,0.0,5.029488,5.03
3527,1639576653,533.0,0.0,0.0,5.029488,5.03
3528,1639576653,537.0,0.0,0.0,5.029488,5.03
3529,1639576653,523.0,0.0,0.0,5.029488,5.03
3530,1639576653,525.0,0.0,0.0,5.029488,5.03
3531,1639576653,519.0,0.0,0.0,5.029488,5.03
3532,1639576653,513.0,0.0,0.0,5.029488,5.03
3533,1639576654,501.0,0.0,0.0,5.029488,5.03
3534,1639576654,507.0,0.0,0.0,5.029488,5.03
3535,1639576654,530.0,0.0,0.0,5.029488,4.99
3536,1639576654,513.0,0.0,0.0,5.029488,4.99
3537,1639576654,516.0,0.0,0.0,4.976768,4.99
3538,1639576654,506.0,0.0,0.0,4.976768,4.99
3539,1639576654,526.0,0.0,0.0,4.976768,4.99
3540,1639576654,524.0,0.0,0.0,4.976768,4.99
3541,1639576654,525.0,0.0,0.0,4.976768,4.99
3542,1639576654,532.0,0.0,0.0,4.976768,4.99
3543,1639576654,536.0,0.0,0.0,4.976768,4.99
3544,1639576654,504.0,0.0,0.0,4.976768,4.99
3545,1639576654,501.0,0.0,0.0,4.976768,4.99
3546,1639576654,511.0,0.0,0.0,4.976768,4.99
3547,1639576654,504.0,0.0,0.0,4.976768,4.99
3548,1639576654,500.0,0.0,0.0,4.976768,4.99
3549,1639576654,531.0,0.0,0.0,4.976768,4.99
3550,1639576655,540.0,0.0,0.0,4.976768,4.99
3551,1639576655,525.0,0.0,0.0,4.976768,4.92
3552,1639576655,520.0,0.0,0.0,4.976768,4.92
3553,1639576655,538.0,0.0,0.0,4.976768,4.92
3554,1639576655,542.0,0.0,0.0,4.934592,4.92
3555,1639576655,545.0,0.0,0.0,4.934592,4.92
3556,1639576655,559.0,0.0,0.0,4.934592,4.92
3557,1639576655,550.0,0.0,0.0,4.934592,4.92
3558,1639576655,557.0,0.0,0.0,4.934592,4.92
3559,1639576655,632.0,0.0,0.0,4.934592,4.92
3560,1639576655,680.0,0.0,0.0,4.934592,4.92
3561,1639576655,711.0,0.0,0.0,4.934592,4.92
3562,1639576655,733.0,0.0,0.0,4.934592,4.92
3563,1639576655,743.0,0.0,0.0,4.934592,4.92
3564,1639576655,732.0,0.0,0.0,4.934592,4.92
3565,1639576656,729.0,0.0,0.0,4.934592,4.92
3566,1639576656,729.0,0.0,0.0,4.934592,3.84
3567,1639576656,749.0,0.0,0.0,4.934592,3.84
3568,1639576656,776.0,0.0,0.0,3.880192,3.84
3569,1639576656,680.0,0.0,0.0,3.880192,3.84
3570,1639576656,614.0,0.0,0.0,3.880192,3.84
3571,1639576656,599.0,0.0,0.0,3.880192,3.84
3572,1639576656,606.0,0.0,0.0,3.880192,3.84
3573,1639576656,611.0,0.0,0.0,3.880192,3.84
3574,1639576656,594.0,0.0,0.0,3.880192,3.84
3575,1639576656,616.0,0.0,0.0,3.880192,3.84
3576,1639576656,634.0,0.0,0.0,3.880192,3.84
3577,1639576656,615.0,0.0,0.0,3.880192,3.84
3578,1639576656,601.0,0.0,0.0,3.880192,3.84
3579,1639576657,594.0,0.0,0.0,3.880192,3.84
3580,1639576657,593.0,0.0,0.0,3.880192,3.84
3581,1639576657,584.0,0.0,0.0,3.880192,4.3
3582,1639576657,573.0,0.0,0.0,3.880192,4.3
3583,1639576657,589.0,0.0,0.0,4.354672,4.3
3584,1639576657,592.0,0.0,0.0,4.354672,4.3
3585,1639576657,589.0,0.0,0.0,4.354672,4.3
3586,1639576657,588.0,0.0,0.0,4.354672,4.3
3587,1639576657,591.0,0.0,0.0,4.354672,4.3
3588,1639576657,597.0,0.0,0.0,4.354672,4.3
3589,1639576657,609.0,0.0,0.0,4.354672,4.3
3590,1639576657,615.0,0.0,0.0,4.354672,4.3
3591,1639576657,609.0,0.0,0.0,4.354672,4.3
3592,1639576657,614.0,0.0,0.0,4.354672,4.3
3593,1639576657,605.0,0.0,0.0,4.354672,4.3
3594,1639576658,594.0,0.0,0.0,4.354672,4.3
3595,1639576658,610.0,0.0,0.0,4.354672,4.3
3596,1639576658,603.0,0.0,0.0,4.354672,4.27
3597,1639576658,608.0,0.0,0.0,4.354672,4.27
3598,1639576658,603.0,0.0,0.0,4.259776,4.27
3599,1639576658,603.0,0.0,0.0,4.259776,4.27
3600,1639576658,622.0,0.0,0.0,4.259776,4.27
3601,1639576658,633.0,0.0,0.0,4.259776,4.27
3602,1639576658,630.0,0.0,0.0,4.259776,4.27
3603,1639576658,641.0,0.0,0.0,4.259776,4.27
3604,1639576658,648.0,0.0,0.0,4.259776,4.27
3605,1639576658,637.0,0.0,0.0,4.259776,4.27
3606,1639576658,626.0,0.0,0.0,4.259776,4.27
3607,1639576658,632.0,0.0,0.0,4.259776,4.27
3608,1639576658,630.0,0.0,0.0,4.259776,4.27
3609,1639576659,644.0,0.0,0.0,4.259776,4.27
3610,1639576659,616.0,0.0,0.0,4.259776,4.21
3611,1639576659,601.0,0.0,0.0,4.259776,4.21
3612,1639576659,595.0,0.0,0.0,4.301952,4.21
3613,1639576659,587.0,0.0,0.0,4.301952,4.21
3614,1639576659,592.0,0.0,0.0,4.301952,4.21
3615,1639576659,602.0,0.0,0.0,4.301952,4.21
3616,1639576659,604.0,0.0,0.0,4.301952,4.21
3617,1639576659,604.0,0.0,0.0,4.301952,4.21
3618,1639576659,619.0,0.0,0.0,4.301952,4.21
3619,1639576659,634.0,0.0,0.0,4.301952,4.21
3620,1639576659,639.0,0.0,0.0,4.301952,4.21
3621,1639576659,650.0,0.0,0.0,4.301952,4.21
3622,1639576659,658.0,0.0,0.0,4.301952,4.21
3623,1639576660,667.0,0.0,0.0,4.301952,4.21
3624,1639576660,663.0,0.0,0.0,4.301952,4.21
3625,1639576660,663.0,0.0,0.0,4.301952,4.05
3626,1639576660,649.0,0.0,0.0,4.301952,4.05
3627,1639576660,675.0,0.0,0.0,4.301952,4.05
3628,1639576660,683.0,0.0,0.0,4.027808,4.05
3629,1639576660,688.0,0.0,0.0,4.027808,4.05
3630,1639576660,666.0,0.0,0.0,4.027808,4.05
3631,1639576660,660.0,0.0,0.0,4.027808,4.05
3632,1639576660,657.0,0.0,0.0,4.027808,4.05
3633,1639576660,657.0,0.0,0.0,4.027808,4.05
3634,1639576660,675.0,0.0,0.0,4.027808,4.05
3635,1639576660,669.0,0.0,0.0,4.027808,4.05
3636,1639576660,672.0,0.0,0.0,4.027808,4.05
3637,1639576660,679.0,0.0,0.0,4.027808,4.05
3638,1639576661,667.0,0.0,0.0,4.027808,4.05
3639,1639576661,681.0,0.0,0.0,4.027808,4.05
3640,1639576661,672.0,0.0,0.0,4.027808,3.94
3641,1639576661,700.0,0.0,0.0,4.027808,3.94
3642,1639576661,680.0,0.0,0.0,3.911824,3.94
3643,1639576661,664.0,0.0,0.0,3.911824,3.94
3644,1639576661,655.0,0.0,0.0,3.911824,3.94
3645,1639576661,661.0,0.0,0.0,3.911824,3.94
3646,1639576661,643.0,0.0,0.0,3.911824,3.94
3647,1639576661,642.0,0.0,0.0,3.911824,3.94
3648,1639576661,656.0,0.0,0.0,3.911824,3.94
3649,1639576661,646.0,0.0,0.0,3.911824,3.94
3650,1639576661,637.0,0.0,0.0,3.911824,3.94
3651,1639576661,637.0,0.0,0.0,3.911824,3.94
3652,1639576662,625.0,0.0,0.0,3.911824,3.94
3653,1639576662,629.0,0.0,0.0,3.911824,4.06
3654,1639576662,643.0,0.0,0.0,3.911824,4.06
3655,1639576662,632.0,0.0,0.0,3.911824,4.06
3656,1639576662,637.0,0.0,0.0,4.154336,4.06
3657,1639576662,639.0,0.0,0.0,4.154336,4.06
3658,1639576662,635.0,0.0,0.0,4.154336,4.06
3659,1639576662,648.0,0.0,0.0,4.154336,4.06
3660,1639576662,648.0,0.0,0.0,4.154336,4.06
3661,1639576662,647.0,0.0,0.0,4.154336,4.06
3662,1639576662,657.0,0.0,0.0,4.154336,4.06
3663,1639576662,653.0,0.0,0.0,4.154336,4.06
3664,1639576662,649.0,0.0,0.0,4.154336,4.06
3665,1639576663,656.0,0.0,0.0,4.154336,4.06
3666,1639576663,644.0,0.0,0.0,4.154336,4.06
3667,1639576663,640.0,0.0,0.0,4.154336,4.06
3668,1639576663,638.0,0.0,0.0,4.154336,4.06
3669,1639576663,640.0,0.0,0.0,4.154336,4.06
3670,1639576663,632.0,0.0,0.0,4.038352,4.06
3671,1639576663,625.0,0.0,0.0,4.038352,4.06
3672,1639576663,629.0,0.0,0.0,4.038352,4.06
3673,1639576663,646.0,0.0,0.0,4.038352,4.06
3674,1639576663,620.0,0.0,0.0,4.038352,4.06
3675,1639576663,591.0,0.0,0.0,4.038352,4.06
3676,1639576663,608.0,0.0,0.0,4.038352,4.06
3677,1639576663,586.0,0.0,0.0,4.038352,4.06
3678,1639576663,593.0,0.0,0.0,4.038352,4.06
3679,1639576663,579.0,0.0,0.0,4.038352,4.06
3680,1639576663,574.0,0.0,0.0,4.038352,4.06
3681,1639576664,583.0,0.0,0.0,4.038352,4.06
3682,1639576664,573.0,0.0,0.0,4.038352,4.06
3683,1639576664,588.0,0.0,0.0,4.038352,4.06
3684,1639576664,595.0,0.0,0.0,4.038352,4.38
3685,1639576664,593.0,0.0,0.0,4.038352,4.38
3686,1639576664,605.0,0.0,0.0,4.4812,4.38
3687,1639576664,608.0,0.0,0.0,4.4812,4.38
3688,1639576664,603.0,0.0,0.0,4.4812,4.38
3689,1639576664,610.0,0.0,0.0,4.4812,4.38
3690,1639576664,603.0,0.0,0.0,4.4812,4.38
3691,1639576664,588.0,0.0,0.0,4.4812,4.38
3692,1639576664,613.0,0.0,0.0,4.4812,4.38
3693,1639576664,617.0,0.0,0.0,4.4812,4.38
3694,1639576664,628.0,0.0,0.0,4.4812,4.38
3695,1639576665,627.0,0.0,0.0,4.4812,4.38
3696,1639576665,623.0,0.0,0.0,4.4812,4.38
3697,1639576665,620.0,0.0,0.0,4.4812,4.17
3698,1639576665,634.0,0.0,0.0,4.4812,4.17
3699,1639576665,635.0,0.0,0.0,4.4812,4.17
3700,1639576665,648.0,0.0,0.0,4.133248,4.17
3701,1639576665,672.0,0.0,0.0,4.133248,4.17
3702,1639576665,668.0,0.0,0.0,4.133248,4.17
3703,1639576665,656.0,0.0,0.0,4.133248,4.17
3704,1639576665,652.0,0.0,0.0,4.133248,4.17
3705,1639576665,673.0,0.0,0.0,4.133248,4.17
3706,1639576665,667.0,0.0,0.0,4.133248,4.17
3707,1639576665,638.0,0.0,0.0,4.133248,4.17
3708,1639576665,672.0,0.0,0.0,4.133248,4.17
3709,1639576665,698.0,0.0,0.0,4.133248,4.17
3710,1639576665,733.0,0.0,0.0,4.133248,4.17
3711,1639576666,784.0,0.0,0.0,4.133248,4.17
3712,1639576666,796.0,0.0,0.0,4.133248,4.17
3713,1639576666,784.0,0.0,0.0,4.133248,3.39
3714,1639576666,776.0,0.0,0.0,4.133248,3.39
3715,1639576666,792.0,0.0,0.0,4.133248,3.39
3716,1639576666,797.0,0.0,0.0,3.437344,3.39
3717,1639576666,790.0,0.0,0.0,3.437344,3.39
3718,1639576666,776.0,0.0,0.0,3.437344,3.39
3719,1639576666,784.0,0.0,0.0,3.437344,3.39
3720,1639576666,821.0,0.0,0.0,3.437344,3.39
3721,1639576666,736.0,0.0,0.0,3.437344,3.39
3722,1639576666,642.0,0.0,0.0,3.437344,3.39
3723,1639576666,641.0,0.0,0.0,3.437344,3.39
3724,1639576666,627.0,0.0,0.0,3.437344,3.39
3725,1639576666,603.0,0.0,0.0,3.437344,3.39
3726,1639576667,601.0,0.0,0.0,3.437344,3.39
3727,1639576667,606.0,0.0,0.0,3.437344,3.39
3728,1639576667,582.0,0.0,0.0,3.437344,4.3
3729,1639576667,582.0,0.0,0.0,3.437344,4.3
3730,1639576667,578.0,0.0,0.0,3.437344,4.3
3731,1639576667,564.0,0.0,0.0,4.386304,4.3
3732,1639576667,565.0,0.0,0.0,4.386304,4.3
3733,1639576667,562.0,0.0,0.0,4.386304,4.3
3734,1639576667,565.0,0.0,0.0,4.386304,4.3
3735,1639576667,555.0,0.0,0.0,4.386304,4.3
3736,1639576667,551.0,0.0,0.0,4.386304,4.3
3737,1639576667,554.0,0.0,0.0,4.386304,4.3
3738,1639576667,558.0,0.0,0.0,4.386304,4.3
3739,1639576667,553.0,0.0,0.0,4.386304,4.3
3740,1639576667,550.0,0.0,0.0,4.386304,4.3
3741,1639576667,559.0,0.0,0.0,4.386304,4.3
3742,1639576667,552.0,0.0,0.0,4.386304,4.3
3743,1639576668,526.0,0.0,0.0,4.386304,4.3
3744,1639576668,527.0,0.0,0.0,4.386304,4.3
3745,1639576668,550.0,0.0,0.0,4.386304,4.69
3746,1639576668,544.0,0.0,0.0,4.386304,4.69
3747,1639576668,537.0,0.0,0.0,4.386304,4.69
3748,1639576668,527.0,0.0,0.0,4.776432,4.69
3749,1639576668,525.0,0.0,0.0,4.776432,4.69
3750,1639576668,526.0,0.0,0.0,4.776432,4.69
3751,1639576668,526.0,0.0,0.0,4.776432,4.69
3752,1639576668,532.0,0.0,0.0,4.776432,4.69
3753,1639576668,516.0,0.0,0.0,4.776432,4.69
3754,1639576668,513.0,0.0,0.0,4.776432,4.69
3755,1639576668,517.0,0.0,0.0,4.776432,4.69
3756,1639576668,515.0,0.0,0.0,4.776432,4.69
3757,1639576668,499.0,0.0,0.0,4.776432,4.69
3758,1639576668,499.0,0.0,0.0,4.776432,4.69
3759,1639576669,502.0,0.0,0.0,4.776432,4.69
3760,1639576669,504.0,0.0,0.0,4.776432,4.69
3761,1639576669,517.0,0.0,0.0,4.776432,4.69
3762,1639576669,520.0,0.0,0.0,4.776432,5.01
3763,1639576669,521.0,0.0,0.0,4.776432,5.01
3764,1639576669,519.0,0.0,0.0,5.082208,5.01
3765,1639576669,519.0,0.0,0.0,5.082208,5.01
3766,1639576669,504.0,0.0,0.0,5.082208,5.01
3767,1639576669,530.0,0.0,0.0,5.082208,5.01
3768,1639576669,523.0,0.0,0.0,5.082208,5.01
3769,1639576669,532.0,0.0,0.0,5.082208,5.01
3770,1639576669,536.0,0.0,0.0,5.082208,5.01
3771,1639576669,543.0,0.0,0.0,5.082208,5.01
3772,1639576669,531.0,0.0,0.0,5.082208,5.01
3773,1639576669,537.0,0.0,0.0,5.082208,5.01
3774,1639576669,542.0,0.0,0.0,5.082208,5.01
3775,1639576669,561.0,0.0,0.0,5.082208,5.01
3776,1639576670,543.0,0.0,0.0,5.082208,5.01
3777,1639576670,544.0,0.0,0.0,5.082208,5.01
3778,1639576670,570.0,0.0,0.0,5.082208,4.72
3779,1639576670,563.0,0.0,0.0,5.082208,4.72
3780,1639576670,561.0,0.0,0.0,5.082208,4.72
3781,1639576670,560.0,0.0,0.0,4.713168,4.72
3782,1639576670,559.0,0.0,0.0,4.713168,4.72
3783,1639576670,558.0,0.0,0.0,4.713168,4.72
3784,1639576670,543.0,0.0,0.0,4.713168,4.72
3785,1639576670,543.0,0.0,0.0,4.713168,4.72
3786,1639576670,514.0,0.0,0.0,4.713168,4.72
3787,1639576670,532.0,0.0,0.0,4.713168,4.72
3788,1639576670,525.0,0.0,0.0,4.713168,4.72
3789,1639576670,506.0,0.0,0.0,4.713168,4.72
3790,1639576670,521.0,0.0,0.0,4.713168,4.72
3791,1639576670,496.0,0.0,0.0,4.713168,4.72
3792,1639576671,507.0,0.0,0.0,4.713168,4.72
3793,1639576671,491.0,0.0,0.0,4.713168,4.72
3794,1639576671,486.0,0.0,0.0,4.713168,5.13
3795,1639576671,483.0,0.0,0.0,4.713168,5.13
3796,1639576671,487.0,0.0,0.0,4.713168,5.13
3797,1639576671,487.0,0.0,0.0,5.21928,5.13
3798,1639576671,476.0,0.0,0.0,5.21928,5.13
3799,1639576671,469.0,0.0,0.0,5.21928,5.13
3800,1639576671,470.0,0.0,0.0,5.21928,5.13
3801,1639576671,473.0,0.0,0.0,5.21928,5.13
3802,1639576671,492.0,0.0,0.0,5.21928,5.13
3803,1639576671,499.0,0.0,0.0,5.21928,5.13
3804,1639576671,498.0,0.0,0.0,5.21928,5.13
3805,1639576671,481.0,0.0,0.0,5.21928,5.13
3806,1639576671,479.0,0.0,0.0,5.21928,5.13
3807,1639576671,488.0,0.0,0.0,5.21928,5.13
3808,1639576672,505.0,0.0,0.0,5.21928,5.13
3809,1639576672,506.0,0.0,0.0,5.21928,5.13
3810,1639576672,503.0,0.0,0.0,5.21928,5.13
3811,1639576672,505.0,0.0,0.0,5.21928,5.16
3812,1639576672,499.0,0.0,0.0,5.21928,5.16
3813,1639576672,496.0,0.0,0.0,5.21928,5.16
3814,1639576672,507.0,0.0,0.0,5.261456,5.16
3815,1639576672,519.0,0.0,0.0,5.261456,5.16
3816,1639576672,500.0,0.0,0.0,5.261456,5.16
3817,1639576672,494.0,0.0,0.0,5.261456,5.16
3818,1639576672,483.0,0.0,0.0,5.261456,5.16
3819,1639576672,478.0,0.0,0.0,5.261456,5.16
3820,1639576672,476.0,0.0,0.0,5.261456,5.16
3821,1639576672,484.0,0.0,0.0,5.261456,5.16
3822,1639576672,486.0,0.0,0.0,5.261456,5.16
3823,1639576672,494.0,0.0,0.0,5.261456,5.16
3824,1639576672,484.0,0.0,0.0,5.261456,5.16
3825,1639576673,506.0,0.0,0.0,5.261456,5.16
3826,1639576673,506.0,0.0,0.0,5.261456,5.16
3827,1639576673,514.0,0.0,0.0,5.261456,5.16
3828,1639576673,519.0,0.0,0.0,5.261456,5.26
3829,1639576673,503.0,0.0,0.0,5.261456,5.26
3830,1639576673,501.0,0.0,0.0,5.198192,5.26
3831,1639576673,497.0,0.0,0.0,5.198192,5.26
3832,1639576673,515.0,0.0,0.0,5.198192,5.26
3833,1639576673,505.0,0.0,0.0,5.198192,5.26
3834,1639576673,502.0,0.0,0.0,5.198192,5.26
3835,1639576673,513.0,0.0,0.0,5.198192,5.26
3836,1639576673,504.0,0.0,0.0,5.198192,5.26
3837,1639576673,491.0,0.0,0.0,5.198192,5.26
3838,1639576673,504.0,0.0,0.0,5.198192,5.26
3839,1639576673,520.0,0.0,0.0,5.198192,5.26
3840,1639576673,542.0,0.0,0.0,5.198192,5.26
3841,1639576673,546.0,0.0,0.0,5.198192,5.26
3842,1639576674,551.0,0.0,0.0,5.198192,5.26
3843,1639576674,551.0,0.0,0.0,5.198192,5.26
3844,1639576674,578.0,0.0,0.0,5.198192,4.83
3845,1639576674,573.0,0.0,0.0,5.198192,4.83
3846,1639576674,570.0,0.0,0.0,5.198192,4.83
3847,1639576674,573.0,0.0,0.0,4.79752,4.83
3848,1639576674,555.0,0.0,0.0,4.79752,4.83
3849,1639576674,534.0,0.0,0.0,4.79752,4.83
3850,1639576674,521.0,0.0,0.0,4.79752,4.83
3851,1639576674,544.0,0.0,0.0,4.79752,4.83
3852,1639576674,541.0,0.0,0.0,4.79752,4.83
3853,1639576674,536.0,0.0,0.0,4.79752,4.83
3854,1639576674,536.0,0.0,0.0,4.79752,4.83
3855,1639576674,531.0,0.0,0.0,4.79752,4.83
3856,1639576674,533.0,0.0,0.0,4.79752,4.83
3857,1639576674,527.0,0.0,0.0,4.79752,4.83
3858,1639576675,526.0,0.0,0.0,4.79752,4.83
3859,1639576675,521.0,0.0,0.0,4.79752,4.83
3860,1639576675,515.0,0.0,0.0,4.79752,4.95
3861,1639576675,535.0,0.0,0.0,4.79752,4.95
3862,1639576675,537.0,0.0,0.0,4.79752,4.95
3863,1639576675,534.0,0.0,0.0,4.913504,4.95
3864,1639576675,539.0,0.0,0.0,4.913504,4.95
3865,1639576675,542.0,0.0,0.0,4.913504,4.95
3866,1639576675,539.0,0.0,0.0,4.913504,4.95
3867,1639576675,533.0,0.0,0.0,4.913504,4.95
3868,1639576675,552.0,0.0,0.0,4.913504,4.95
3869,1639576675,551.0,0.0,0.0,4.913504,4.95
3870,1639576675,550.0,0.0,0.0,4.913504,4.95
3871,1639576675,538.0,0.0,0.0,4.913504,4.95
3872,1639576675,536.0,0.0,0.0,4.913504,4.95
3873,1639576676,539.0,0.0,0.0,4.913504,4.95
3874,1639576676,539.0,0.0,0.0,4.913504,4.95
3875,1639576676,589.0,0.0,0.0,4.913504,4.95
3876,1639576676,630.0,0.0,0.0,4.913504,4.46
3877,1639576676,685.0,0.0,0.0,4.913504,4.46
3878,1639576676,709.0,0.0,0.0,4.091072,4.46
3879,1639576676,716.0,0.0,0.0,4.091072,4.46
3880,1639576676,721.0,0.0,0.0,4.091072,4.46
3881,1639576676,715.0,0.0,0.0,4.091072,4.46
3882,1639576676,727.0,0.0,0.0,4.091072,4.46
3883,1639576676,730.0,0.0,0.0,4.091072,4.46
3884,1639576676,729.0,0.0,0.0,4.091072,4.46
3885,1639576676,760.0,0.0,0.0,4.091072,4.46
3886,1639576676,628.0,0.0,0.0,4.091072,4.46
3887,1639576676,551.0,0.0,0.0,4.091072,4.46
3888,1639576676,535.0,0.0,0.0,4.091072,4.46
3889,1639576677,548.0,0.0,0.0,4.091072,4.46
3890,1639576677,563.0,0.0,0.0,4.091072,4.46
3891,1639576677,544.0,0.0,0.0,4.091072,4.21
3892,1639576677,551.0,0.0,0.0,4.091072,4.21
3893,1639576677,545.0,0.0,0.0,4.091072,4.21
3894,1639576677,541.0,0.0,0.0,4.649904,4.21
3895,1639576677,543.0,0.0,0.0,4.649904,4.21
3896,1639576677,533.0,0.0,0.0,4.649904,4.21
3897,1639576677,511.0,0.0,0.0,4.649904,4.21
3898,1639576677,502.0,0.0,0.0,4.649904,4.21
3899,1639576677,505.0,0.0,0.0,4.649904,4.21
3900,1639576677,508.0,0.0,0.0,4.649904,4.21
3901,1639576677,478.0,0.0,0.0,4.649904,4.21
3902,1639576677,491.0,0.0,0.0,4.649904,4.21
3903,1639576677,499.0,0.0,0.0,4.649904,4.21
3904,1639576677,491.0,0.0,0.0,4.649904,4.21
3905,1639576678,492.0,0.0,0.0,4.649904,4.21
3906,1639576678,496.0,0.0,0.0,4.649904,4.21
3907,1639576678,490.0,0.0,0.0,4.649904,4.21
3908,1639576678,493.0,0.0,0.0,4.649904,5.22
3909,1639576678,501.0,0.0,0.0,4.649904,5.22
3910,1639576678,491.0,0.0,0.0,5.366896,5.22
3911,1639576678,485.0,0.0,0.0,5.366896,5.22
3912,1639576678,485.0,0.0,0.0,5.366896,5.22
3913,1639576678,489.0,0.0,0.0,5.366896,5.22
3914,1639576678,492.0,0.0,0.0,5.366896,5.22
3915,1639576678,508.0,0.0,0.0,5.366896,5.22
3916,1639576678,525.0,0.0,0.0,5.366896,5.22
3917,1639576678,537.0,0.0,0.0,5.366896,5.22
3918,1639576678,546.0,0.0,0.0,5.366896,5.22
3919,1639576678,537.0,0.0,0.0,5.366896,5.22
3920,1639576678,530.0,0.0,0.0,5.366896,5.22
3921,1639576679,537.0,0.0,0.0,5.366896,5.22
3922,1639576679,529.0,0.0,0.0,5.366896,5.22
3923,1639576679,505.0,0.0,0.0,5.366896,5.22
3924,1639576679,491.0,0.0,0.0,5.366896,4.99
3925,1639576679,492.0,0.0,0.0,5.366896,4.99
3926,1639576679,485.0,0.0,0.0,5.082208,4.99
3927,1639576679,480.0,0.0,0.0,5.082208,4.99
3928,1639576679,490.0,0.0,0.0,5.082208,4.99
3929,1639576679,511.0,0.0,0.0,5.082208,4.99
3930,1639576679,512.0,0.0,0.0,5.082208,4.99
3931,1639576679,513.0,0.0,0.0,5.082208,4.99
3932,1639576679,519.0,0.0,0.0,5.082208,4.99
3933,1639576679,529.0,0.0,0.0,5.082208,4.99
3934,1639576679,533.0,0.0,0.0,5.082208,4.99
3935,1639576679,535.0,0.0,0.0,5.082208,4.99
3936,1639576679,535.0,0.0,0.0,5.082208,4.99
3937,1639576680,518.0,0.0,0.0,5.082208,4.99
3938,1639576680,522.0,0.0,0.0,5.082208,4.99
3939,1639576680,525.0,0.0,0.0,5.082208,5.0
3940,1639576680,540.0,0.0,0.0,5.082208,5.0
3941,1639576680,541.0,0.0,0.0,5.082208,5.0
3942,1639576680,533.0,0.0,0.0,4.871328,5.0
3943,1639576680,550.0,0.0,0.0,4.871328,5.0
3944,1639576680,552.0,0.0,0.0,4.871328,5.0
3945,1639576680,542.0,0.0,0.0,4.871328,5.0
3946,1639576680,552.0,0.0,0.0,4.871328,5.0
3947,1639576680,544.0,0.0,0.0,4.871328,5.0
3948,1639576680,522.0,0.0,0.0,4.871328,5.0
3949,1639576680,515.0,0.0,0.0,4.871328,5.0
3950,1639576680,506.0,0.0,0.0,4.871328,5.0
3951,1639576681,513.0,0.0,0.0,4.871328,5.0
3952,1639576681,492.0,0.0,0.0,4.871328,5.0
3953,1639576681,501.0,0.0,0.0,4.871328,5.0
3954,1639576681,490.0,0.0,0.0,4.871328,5.0
3955,1639576681,485.0,0.0,0.0,4.871328,5.03
3956,1639576681,490.0,0.0,0.0,4.871328,5.03
3957,1639576681,510.0,0.0,0.0,5.11384,5.03
3958,1639576681,500.0,0.0,0.0,5.11384,5.03
3959,1639576681,502.0,0.0,0.0,5.11384,5.03
3960,1639576681,482.0,0.0,0.0,5.11384,5.03
3961,1639576681,472.0,0.0,0.0,5.11384,5.03
3962,1639576681,461.0,0.0,0.0,5.11384,5.03
3963,1639576681,474.0,0.0,0.0,5.11384,5.03
3964,1639576681,494.0,0.0,0.0,5.11384,5.03
3965,1639576681,472.0,0.0,0.0,5.11384,5.03
3966,1639576681,482.0,0.0,0.0,5.11384,5.03
3967,1639576681,484.0,0.0,0.0,5.11384,5.03
3968,1639576682,501.0,0.0,0.0,5.11384,5.03
3969,1639576682,510.0,0.0,0.0,5.11384,5.03
3970,1639576682,507.0,0.0,0.0,5.11384,5.03
3971,1639576682,501.0,0.0,0.0,5.11384,5.22
3972,1639576682,510.0,0.0,0.0,5.11384,5.22
3973,1639576682,496.0,0.0,0.0,5.11384,5.22
3974,1639576682,485.0,0.0,0.0,5.409072,5.22
3975,1639576682,481.0,0.0,0.0,5.409072,5.22
3976,1639576682,471.0,0.0,0.0,5.409072,5.22
3977,1639576682,459.0,0.0,0.0,5.409072,5.22
3978,1639576682,468.0,0.0,0.0,5.409072,5.22
3979,1639576682,464.0,0.0,0.0,5.409072,5.22
3980,1639576682,472.0,0.0,0.0,5.409072,5.22
3981,1639576682,471.0,0.0,0.0,5.409072,5.22
3982,1639576682,487.0,0.0,0.0,5.409072,5.22
3983,1639576682,497.0,0.0,0.0,5.409072,5.22
3984,1639576682,493.0,0.0,0.0,5.409072,5.22
3985,1639576683,484.0,0.0,0.0,5.409072,5.22
3986,1639576683,506.0,0.0,0.0,5.409072,5.22
3987,1639576683,500.0,0.0,0.0,5.409072,5.22
3988,1639576683,501.0,0.0,0.0,5.409072,5.4
3989,1639576683,502.0,0.0,0.0,5.409072,5.4
3990,1639576683,485.0,0.0,0.0,5.409072,5.4
3991,1639576683,479.0,0.0,0.0,5.303632,5.4
3992,1639576683,480.0,0.0,0.0,5.303632,5.4
3993,1639576683,477.0,0.0,0.0,5.303632,5.4
3994,1639576683,463.0,0.0,0.0,5.303632,5.4
3995,1639576683,459.0,0.0,0.0,5.303632,5.4
3996,1639576683,467.0,0.0,0.0,5.303632,5.4
3997,1639576683,463.0,0.0,0.0,5.303632,5.4
3998,1639576683,479.0,0.0,0.0,5.303632,5.4
3999,1639576683,487.0,0.0,0.0,5.303632,5.4
4000,1639576683,500.0,0.0,0.0,5.303632,5.4
4001,1639576683,495.0,0.0,0.0,5.303632,5.4
4002,1639576684,513.0,0.0,0.0,5.303632,5.4
4003,1639576684,524.0,0.0,0.0,5.303632,5.4
4004,1639576684,524.0,0.0,0.0,5.303632,5.16
4005,1639576684,516.0,0.0,0.0,5.303632,5.16
4006,1639576684,498.0,0.0,0.0,5.303632,5.16
4007,1639576684,518.0,0.0,0.0,5.303632,5.16
4008,1639576684,506.0,0.0,0.0,5.303632,5.16
4009,1639576684,512.0,0.0,0.0,5.303632,5.16
4010,1639576684,507.0,0.0,0.0,5.303632,5.16
4011,1639576684,505.0,0.0,0.0,5.303632,5.16
4012,1639576684,498.0,0.0,0.0,5.303632,5.16
4013,1639576684,501.0,0.0,0.0,5.303632,5.16
4014,1639576684,503.0,0.0,0.0,5.303632,5.16
4015,1639576684,501.0,0.0,0.0,5.303632,5.16
4016,1639576684,485.0,0.0,0.0,5.303632,5.16
4017,1639576684,471.0,0.0,0.0,5.303632,5.16
4018,1639576685,459.0,0.0,0.0,5.303632,5.16
4019,1639576685,459.0,0.0,0.0,5.303632,5.16
4020,1639576685,450.0,0.0,0.0,5.303632,5.16
4021,1639576685,451.0,0.0,0.0,5.303632,5.49
4022,1639576685,437.0,0.0,0.0,5.303632,5.49
4023,1639576685,441.0,0.0,0.0,5.303632,5.49
4024,1639576685,450.0,0.0,0.0,5.461792,5.49
4025,1639576685,452.0,0.0,0.0,5.461792,5.49
4026,1639576685,473.0,0.0,0.0,5.461792,5.49
4027,1639576685,481.0,0.0,0.0,5.461792,5.49
4028,1639576685,471.0,0.0,0.0,5.461792,5.49
4029,1639576685,477.0,0.0,0.0,5.461792,5.49
4030,1639576685,481.0,0.0,0.0,5.461792,5.49
4031,1639576685,471.0,0.0,0.0,5.461792,5.49
4032,1639576685,462.0,0.0,0.0,5.461792,5.49
4033,1639576686,476.0,0.0,0.0,5.461792,5.49
4034,1639576686,471.0,0.0,0.0,5.461792,5.49
4035,1639576686,453.0,0.0,0.0,5.461792,5.49
4036,1639576686,452.0,0.0,0.0,5.461792,5.49
4037,1639576686,441.0,0.0,0.0,5.461792,5.56
4038,1639576686,446.0,0.0,0.0,5.461792,5.56
4039,1639576686,489.0,0.0,0.0,5.630496,5.56
4040,1639576686,539.0,0.0,0.0,5.630496,5.56
4041,1639576686,580.0,0.0,0.0,5.630496,5.56
4042,1639576686,604.0,0.0,0.0,5.630496,5.56
4043,1639576686,602.0,0.0,0.0,5.630496,5.56
4044,1639576686,618.0,0.0,0.0,5.630496,5.56
4045,1639576686,631.0,0.0,0.0,5.630496,5.56
4046,1639576686,628.0,0.0,0.0,5.630496,5.56
4047,1639576686,622.0,0.0,0.0,5.630496,5.56
4048,1639576686,637.0,0.0,0.0,5.630496,5.56
4049,1639576687,680.0,0.0,0.0,5.630496,5.56
4050,1639576687,545.0,0.0,0.0,5.630496,5.56
4051,1639576687,471.0,0.0,0.0,5.630496,5.56
4052,1639576687,460.0,0.0,0.0,5.630496,5.56
4053,1639576687,459.0,0.0,0.0,5.630496,4.58
4054,1639576687,470.0,0.0,0.0,5.630496,4.58
4055,1639576687,464.0,0.0,0.0,4.555008,4.58
4056,1639576687,448.0,0.0,0.0,4.555008,4.58
4057,1639576687,450.0,0.0,0.0,4.555008,4.58
4058,1639576687,442.0,0.0,0.0,4.555008,4.58
4059,1639576687,448.0,0.0,0.0,4.555008,4.58
4060,1639576687,455.0,0.0,0.0,4.555008,4.58
4061,1639576687,455.0,0.0,0.0,4.555008,4.58
4062,1639576687,452.0,0.0,0.0,4.555008,4.58
4063,1639576687,461.0,0.0,0.0,4.555008,4.58
4064,1639576687,454.0,0.0,0.0,4.555008,4.58
4065,1639576688,462.0,0.0,0.0,4.555008,4.58
4066,1639576688,464.0,0.0,0.0,4.555008,4.58
4067,1639576688,440.0,0.0,0.0,4.555008,4.58
4068,1639576688,443.0,0.0,0.0,4.555008,5.78
4069,1639576688,444.0,0.0,0.0,4.555008,5.78
4070,1639576688,446.0,0.0,0.0,5.767568,5.78
4071,1639576688,448.0,0.0,0.0,5.767568,5.78
4072,1639576688,449.0,0.0,0.0,5.767568,5.78
4073,1639576688,444.0,0.0,0.0,5.767568,5.78
4074,1639576688,449.0,0.0,0.0,5.767568,5.78
4075,1639576688,466.0,0.0,0.0,5.767568,5.78
4076,1639576688,469.0,0.0,0.0,5.767568,5.78
4077,1639576688,470.0,0.0,0.0,5.767568,5.78
4078,1639576688,468.0,0.0,0.0,5.767568,5.78
4079,1639576688,472.0,0.0,0.0,5.767568,5.78
4080,1639576688,485.0,0.0,0.0,5.767568,5.78
4081,1639576689,480.0,0.0,0.0,5.767568,5.78
4082,1639576689,475.0,0.0,0.0,5.767568,5.78
4083,1639576689,469.0,0.0,0.0,5.767568,5.78
4084,1639576689,461.0,0.0,0.0,5.767568,5.57
4085,1639576689,452.0,0.0,0.0,5.767568,5.57
4086,1639576689,440.0,0.0,0.0,5.767568,5.57
4087,1639576689,437.0,0.0,0.0,5.662128,5.57
4088,1639576689,441.0,0.0,0.0,5.662128,5.57
4089,1639576689,450.0,0.0,0.0,5.662128,5.57
4090,1639576689,449.0,0.0,0.0,5.662128,5.57
4091,1639576689,449.0,0.0,0.0,5.662128,5.57
4092,1639576689,454.0,0.0,0.0,5.662128,5.57
4093,1639576689,471.0,0.0,0.0,5.662128,5.57
4094,1639576689,469.0,0.0,0.0,5.662128,5.57
4095,1639576689,476.0,0.0,0.0,5.662128,5.57
4096,1639576689,480.0,0.0,0.0,5.662128,5.57
4097,1639576689,471.0,0.0,0.0,5.662128,5.57
4098,1639576690,483.0,0.0,0.0,5.662128,5.57
4099,1639576690,497.0,0.0,0.0,5.662128,5.57
4100,1639576690,496.0,0.0,0.0,5.662128,5.57
4101,1639576690,485.0,0.0,0.0,5.662128,5.57
4102,1639576690,501.0,0.0,0.0,5.662128,5.4
4103,1639576690,498.0,0.0,0.0,5.662128,5.4
4104,1639576690,483.0,0.0,0.0,5.356352,5.4
4105,1639576690,488.0,0.0,0.0,5.356352,5.4
4106,1639576690,478.0,0.0,0.0,5.356352,5.4
4107,1639576690,483.0,0.0,0.0,5.356352,5.4
4108,1639576690,495.0,0.0,0.0,5.356352,5.4
4109,1639576690,490.0,0.0,0.0,5.356352,5.4
4110,1639576690,495.0,0.0,0.0,5.356352,5.4
4111,1639576690,491.0,0.0,0.0,5.356352,5.4
4112,1639576690,480.0,0.0,0.0,5.356352,5.4
4113,1639576690,482.0,0.0,0.0,5.356352,5.4
4114,1639576691,481.0,0.0,0.0,5.356352,5.4
4115,1639576691,472.0,0.0,0.0,5.356352,5.4
4116,1639576691,460.0,0.0,0.0,5.356352,5.4
4117,1639576691,453.0,0.0,0.0,5.356352,5.4
4118,1639576691,460.0,0.0,0.0,5.356352,5.43
4119,1639576691,460.0,0.0,0.0,5.356352,5.43
4120,1639576691,460.0,0.0,0.0,5.356352,5.43
4121,1639576691,472.0,0.0,0.0,5.461792,5.43
4122,1639576691,470.0,0.0,0.0,5.461792,5.43
4123,1639576691,463.0,0.0,0.0,5.461792,5.43
4124,1639576691,474.0,0.0,0.0,5.461792,5.43
4125,1639576691,485.0,0.0,0.0,5.461792,5.43
4126,1639576691,464.0,0.0,0.0,5.461792,5.43
4127,1639576691,469.0,0.0,0.0,5.461792,5.43
4128,1639576691,473.0,0.0,0.0,5.461792,5.43
4129,1639576691,491.0,0.0,0.0,5.461792,5.43
4130,1639576691,490.0,0.0,0.0,5.461792,5.43
4131,1639576692,487.0,0.0,0.0,5.461792,5.43
4132,1639576692,474.0,0.0,0.0,5.461792,5.43
4133,1639576692,480.0,0.0,0.0,5.461792,5.43
4134,1639576692,485.0,0.0,0.0,5.461792,5.44
4135,1639576692,472.0,0.0,0.0,5.461792,5.44
4136,1639576692,461.0,0.0,0.0,5.461792,5.44
4137,1639576692,461.0,0.0,0.0,5.440704,5.44
4138,1639576692,457.0,0.0,0.0,5.440704,5.44
4139,1639576692,462.0,0.0,0.0,5.440704,5.44
4140,1639576692,470.0,0.0,0.0,5.440704,5.44
4141,1639576692,471.0,0.0,0.0,5.440704,5.44
4142,1639576692,472.0,0.0,0.0,5.440704,5.44
4143,1639576692,478.0,0.0,0.0,5.440704,5.44
4144,1639576692,478.0,0.0,0.0,5.440704,5.44
4145,1639576692,477.0,0.0,0.0,5.440704,5.44
4146,1639576693,473.0,0.0,0.0,5.440704,5.44
4147,1639576693,496.0,0.0,0.0,5.440704,5.44
4148,1639576693,492.0,0.0,0.0,5.440704,5.44
4149,1639576693,491.0,0.0,0.0,5.440704,5.44
4150,1639576693,495.0,0.0,0.0,5.440704,5.24
4151,1639576693,504.0,0.0,0.0,5.440704,5.24
4152,1639576693,526.0,0.0,0.0,5.440704,5.24
4153,1639576693,517.0,0.0,0.0,5.261456,5.24
4154,1639576693,524.0,0.0,0.0,5.261456,5.24
4155,1639576693,513.0,0.0,0.0,5.261456,5.24
4156,1639576693,506.0,0.0,0.0,5.261456,5.24
4157,1639576693,514.0,0.0,0.0,5.261456,5.24
4158,1639576693,500.0,0.0,0.0,5.261456,5.24
4159,1639576693,503.0,0.0,0.0,5.261456,5.24
4160,1639576693,506.0,0.0,0.0,5.261456,5.24
4161,1639576693,496.0,0.0,0.0,5.261456,5.24
4162,1639576693,500.0,0.0,0.0,5.261456,5.24
4163,1639576694,496.0,0.0,0.0,5.261456,5.24
4164,1639576694,484.0,0.0,0.0,5.261456,5.24
4165,1639576694,500.0,0.0,0.0,5.261456,5.24
4166,1639576694,509.0,0.0,0.0,5.261456,5.1
4167,1639576694,494.0,0.0,0.0,5.261456,5.1
4168,1639576694,503.0,0.0,0.0,5.261456,5.1
4169,1639576694,513.0,0.0,0.0,5.187648,5.1
4170,1639576694,520.0,0.0,0.0,5.187648,5.1
4171,1639576694,516.0,0.0,0.0,5.187648,5.1
4172,1639576694,530.0,0.0,0.0,5.187648,5.1
4173,1639576694,508.0,0.0,0.0,5.187648,5.1
4174,1639576694,511.0,0.0,0.0,5.187648,5.1
4175,1639576694,496.0,0.0,0.0,5.187648,5.1
4176,1639576694,486.0,0.0,0.0,5.187648,5.1
4177,1639576694,482.0,0.0,0.0,5.187648,5.1
4178,1639576694,481.0,0.0,0.0,5.187648,5.1
4179,1639576695,482.0,0.0,0.0,5.187648,5.1
4180,1639576695,462.0,0.0,0.0,5.187648,5.1
4181,1639576695,456.0,0.0,0.0,5.187648,5.1
4182,1639576695,457.0,0.0,0.0,5.187648,5.1
4183,1639576695,457.0,0.0,0.0,5.187648,5.38
4184,1639576695,456.0,0.0,0.0,5.187648,5.38
4185,1639576695,469.0,0.0,0.0,5.387984,5.38
4186,1639576695,469.0,0.0,0.0,5.387984,5.38
4187,1639576695,457.0,0.0,0.0,5.387984,5.38
4188,1639576695,455.0,0.0,0.0,5.387984,5.38
4189,1639576695,448.0,0.0,0.0,5.387984,5.38
4190,1639576695,457.0,0.0,0.0,5.387984,5.38
4191,1639576695,468.0,0.0,0.0,5.387984,5.38
4192,1639576695,466.0,0.0,0.0,5.387984,5.38
4193,1639576695,459.0,0.0,0.0,5.387984,5.38
4194,1639576695,463.0,0.0,0.0,5.387984,5.38
4195,1639576696,463.0,0.0,0.0,5.387984,5.38
4196,1639576696,476.0,0.0,0.0,5.387984,5.38
4197,1639576696,477.0,0.0,0.0,5.387984,5.38
4198,1639576696,477.0,0.0,0.0,5.387984,5.38
4199,1639576696,469.0,0.0,0.0,5.387984,5.54
4200,1639576696,460.0,0.0,0.0,5.387984,5.54
4201,1639576696,455.0,0.0,0.0,5.64104,5.54
4202,1639576696,448.0,0.0,0.0,5.64104,5.54
4203,1639576696,450.0,0.0,0.0,5.64104,5.54
4204,1639576696,460.0,0.0,0.0,5.64104,5.54
4205,1639576696,549.0,0.0,0.0,5.64104,5.54
4206,1639576696,617.0,0.0,0.0,5.64104,5.54
4207,1639576696,639.0,0.0,0.0,5.64104,5.54
4208,1639576696,635.0,0.0,0.0,5.64104,5.54
4209,1639576697,634.0,0.0,0.0,5.64104,5.54
4210,1639576697,622.0,0.0,0.0,5.64104,5.54
4211,1639576697,620.0,0.0,0.0,5.64104,5.54
4212,1639576697,627.0,0.0,0.0,5.64104,5.54
4213,1639576697,636.0,0.0,0.0,5.64104,4.73
4214,1639576697,460.0,0.0,0.0,5.64104,4.73
4215,1639576697,451.0,0.0,0.0,4.649904,4.73
4216,1639576697,466.0,0.0,0.0,4.649904,4.73
4217,1639576697,479.0,0.0,0.0,4.649904,4.73
4218,1639576697,494.0,0.0,0.0,4.649904,4.73
4219,1639576697,488.0,0.0,0.0,4.649904,4.73
4220,1639576697,506.0,0.0,0.0,4.649904,4.73
4221,1639576697,501.0,0.0,0.0,4.649904,4.73
4222,1639576697,501.0,0.0,0.0,4.649904,4.73
4223,1639576697,507.0,0.0,0.0,4.649904,4.73
4224,1639576697,499.0,0.0,0.0,4.649904,4.73
4225,1639576698,494.0,0.0,0.0,4.649904,4.73
4226,1639576698,500.0,0.0,0.0,4.649904,4.73
4227,1639576698,509.0,0.0,0.0,4.649904,4.73
4228,1639576698,493.0,0.0,0.0,4.649904,5.28
4229,1639576698,509.0,0.0,0.0,4.649904,5.28
4230,1639576698,507.0,0.0,0.0,5.240368,5.28
4231,1639576698,474.0,0.0,0.0,5.240368,5.28
4232,1639576698,483.0,0.0,0.0,5.240368,5.28
4233,1639576698,480.0,0.0,0.0,5.240368,5.28
4234,1639576698,487.0,0.0,0.0,5.240368,5.28
4235,1639576698,492.0,0.0,0.0,5.240368,5.28
4236,1639576698,487.0,0.0,0.0,5.240368,5.28
4237,1639576698,485.0,0.0,0.0,5.240368,5.28
4238,1639576698,491.0,0.0,0.0,5.240368,5.28
4239,1639576698,508.0,0.0,0.0,5.240368,5.28
4240,1639576699,498.0,0.0,0.0,5.240368,5.28
4241,1639576699,501.0,0.0,0.0,5.240368,5.28
4242,1639576699,502.0,0.0,0.0,5.240368,5.28
4243,1639576699,511.0,0.0,0.0,5.240368,5.28
4244,1639576699,518.0,0.0,0.0,5.240368,5.14
4245,1639576699,529.0,0.0,0.0,5.240368,5.14
4246,1639576699,522.0,0.0,0.0,5.177104,5.14
4247,1639576699,522.0,0.0,0.0,5.177104,5.14
4248,1639576699,539.0,0.0,0.0,5.177104,5.14
4249,1639576699,554.0,0.0,0.0,5.177104,5.14
4250,1639576699,543.0,0.0,0.0,5.177104,5.14
4251,1639576699,531.0,0.0,0.0,5.177104,5.14
4252,1639576699,545.0,0.0,0.0,5.177104,5.14
4253,1639576699,546.0,0.0,0.0,5.177104,5.14
4254,1639576699,536.0,0.0,0.0,5.177104,5.14
4255,1639576699,532.0,0.0,0.0,5.177104,5.14
4256,1639576700,539.0,0.0,0.0,5.177104,5.14
4257,1639576700,521.0,0.0,0.0,5.177104,5.14
4258,1639576700,519.0,0.0,0.0,5.177104,5.14
4259,1639576700,506.0,0.0,0.0,5.177104,5.14
4260,1639576700,510.0,0.0,0.0,5.177104,5.14
4261,1639576700,510.0,0.0,0.0,5.177104,4.92
4262,1639576700,506.0,0.0,0.0,5.177104,4.92
4263,1639576700,520.0,0.0,0.0,4.95568,4.92
4264,1639576700,510.0,0.0,0.0,4.95568,4.92
4265,1639576700,511.0,0.0,0.0,4.95568,4.92
4266,1639576700,519.0,0.0,0.0,4.95568,4.92
4267,1639576700,519.0,0.0,0.0,4.95568,4.92
4268,1639576700,527.0,0.0,0.0,4.95568,4.92
4269,1639576700,536.0,0.0,0.0,4.95568,4.92
4270,1639576700,535.0,0.0,0.0,4.95568,4.92
4271,1639576700,540.0,0.0,0.0,4.95568,4.92
4272,1639576700,525.0,0.0,0.0,4.95568,4.92
4273,1639576701,513.0,0.0,0.0,4.95568,4.92
4274,1639576701,513.0,0.0,0.0,4.95568,4.92
4275,1639576701,505.0,0.0,0.0,4.95568,4.92
4276,1639576701,489.0,0.0,0.0,4.95568,4.92
4277,1639576701,483.0,0.0,0.0,4.95568,5.06
4278,1639576701,490.0,0.0,0.0,4.95568,5.06
4279,1639576701,495.0,0.0,0.0,4.95568,5.06
4280,1639576701,505.0,0.0,0.0,5.06112,5.06
4281,1639576701,506.0,0.0,0.0,5.06112,5.06
4282,1639576701,521.0,0.0,0.0,5.06112,5.06
4283,1639576701,524.0,0.0,0.0,5.06112,5.06
4284,1639576701,520.0,0.0,0.0,5.06112,5.06
4285,1639576701,537.0,0.0,0.0,5.06112,5.06
4286,1639576701,548.0,0.0,0.0,5.06112,5.06
4287,1639576701,537.0,0.0,0.0,5.06112,5.06
4288,1639576701,520.0,0.0,0.0,5.06112,5.06
4289,1639576701,505.0,0.0,0.0,5.06112,5.06
4290,1639576702,535.0,0.0,0.0,5.06112,5.06
4291,1639576702,538.0,0.0,0.0,5.06112,5.06
4292,1639576702,529.0,0.0,0.0,5.06112,5.06
4293,1639576702,543.0,0.0,0.0,5.06112,5.06
4294,1639576702,540.0,0.0,0.0,5.06112,4.82
4295,1639576702,533.0,0.0,0.0,5.06112,4.82
4296,1639576702,545.0,0.0,0.0,4.934592,4.82
4297,1639576702,539.0,0.0,0.0,4.934592,4.82
4298,1639576702,526.0,0.0,0.0,4.934592,4.82
4299,1639576702,512.0,0.0,0.0,4.934592,4.82
4300,1639576702,502.0,0.0,0.0,4.934592,4.82
4301,1639576702,510.0,0.0,0.0,4.934592,4.82
4302,1639576702,506.0,0.0,0.0,4.934592,4.82
4303,1639576702,512.0,0.0,0.0,4.934592,4.82
4304,1639576702,520.0,0.0,0.0,4.934592,4.82
4305,1639576702,526.0,0.0,0.0,4.934592,4.82
4306,1639576703,519.0,0.0,0.0,4.934592,4.82
4307,1639576703,538.0,0.0,0.0,4.934592,4.82
4308,1639576703,539.0,0.0,0.0,4.934592,4.82
4309,1639576703,554.0,0.0,0.0,4.934592,4.82
4310,1639576703,543.0,0.0,0.0,4.934592,4.87
4311,1639576703,534.0,0.0,0.0,4.934592,4.87
4312,1639576703,535.0,0.0,0.0,4.945136,4.87
4313,1639576703,525.0,0.0,0.0,4.945136,4.87
4314,1639576703,532.0,0.0,0.0,4.945136,4.87
4315,1639576703,521.0,0.0,0.0,4.945136,4.87
4316,1639576703,517.0,0.0,0.0,4.945136,4.87
4317,1639576703,503.0,0.0,0.0,4.945136,4.87
4318,1639576703,500.0,0.0,0.0,4.945136,4.87
4319,1639576703,510.0,0.0,0.0,4.945136,4.87
4320,1639576703,515.0,0.0,0.0,4.945136,4.87
4321,1639576703,517.0,0.0,0.0,4.945136,4.87
4322,1639576704,518.0,0.0,0.0,4.945136,4.87
4323,1639576704,518.0,0.0,0.0,4.945136,4.87
4324,1639576704,510.0,0.0,0.0,4.945136,4.87
4325,1639576704,529.0,0.0,0.0,4.945136,4.87
4326,1639576704,538.0,0.0,0.0,4.945136,4.98
4327,1639576704,538.0,0.0,0.0,4.945136,4.98
4328,1639576704,539.0,0.0,0.0,5.018944,4.98
4329,1639576704,541.0,0.0,0.0,5.018944,4.98
4330,1639576704,523.0,0.0,0.0,5.018944,4.98
4331,1639576704,515.0,0.0,0.0,5.018944,4.98
4332,1639576704,517.0,0.0,0.0,5.018944,4.98
4333,1639576704,545.0,0.0,0.0,5.018944,4.98
4334,1639576704,526.0,0.0,0.0,5.018944,4.98
4335,1639576704,520.0,0.0,0.0,5.018944,4.98
4336,1639576704,528.0,0.0,0.0,5.018944,4.98
4337,1639576704,526.0,0.0,0.0,5.018944,4.98
4338,1639576705,513.0,0.0,0.0,5.018944,4.98
4339,1639576705,507.0,0.0,0.0,5.018944,4.98
4340,1639576705,507.0,0.0,0.0,5.018944,4.98
4341,1639576705,516.0,0.0,0.0,5.018944,4.98
4342,1639576705,528.0,0.0,0.0,5.018944,4.98
4343,1639576705,517.0,0.0,0.0,5.018944,4.96
4344,1639576705,518.0,0.0,0.0,5.018944,4.96
4345,1639576705,522.0,0.0,0.0,5.0084,4.96
4346,1639576705,523.0,0.0,0.0,5.0084,4.96
4347,1639576705,522.0,0.0,0.0,5.0084,4.96
4348,1639576705,522.0,0.0,0.0,5.0084,4.96
4349,1639576705,535.0,0.0,0.0,5.0084,4.96
4350,1639576705,534.0,0.0,0.0,5.0084,4.96
4351,1639576705,516.0,0.0,0.0,5.0084,4.96
4352,1639576705,520.0,0.0,0.0,5.0084,4.96
4353,1639576705,522.0,0.0,0.0,5.0084,4.96
4354,1639576705,525.0,0.0,0.0,5.0084,4.96
4355,1639576706,522.0,0.0,0.0,5.0084,4.96
4356,1639576706,520.0,0.0,0.0,5.0084,4.96
4357,1639576706,507.0,0.0,0.0,5.0084,4.96
4358,1639576706,506.0,0.0,0.0,5.0084,4.96
4359,1639576706,524.0,0.0,0.0,5.0084,4.99
4360,1639576706,530.0,0.0,0.0,5.0084,4.99
4361,1639576706,531.0,0.0,0.0,5.0084,4.99
4362,1639576706,527.0,0.0,0.0,4.997856,4.99
4363,1639576706,531.0,0.0,0.0,4.997856,4.99
4364,1639576706,527.0,0.0,0.0,4.997856,4.99
4365,1639576706,539.0,0.0,0.0,4.997856,4.99
4366,1639576706,550.0,0.0,0.0,4.997856,4.99
4367,1639576706,537.0,0.0,0.0,4.997856,4.99
4368,1639576706,546.0,0.0,0.0,4.997856,4.99
4369,1639576706,620.0,0.0,0.0,4.997856,4.99
4370,1639576707,700.0,0.0,0.0,4.997856,4.99
4371,1639576707,696.0,0.0,0.0,4.997856,4.99
4372,1639576707,693.0,0.0,0.0,4.997856,4.99
4373,1639576707,699.0,0.0,0.0,4.997856,3.99
4374,1639576707,714.0,0.0,0.0,4.997856,3.99
4375,1639576707,721.0,0.0,0.0,4.997856,3.99
4376,1639576707,721.0,0.0,0.0,3.964544,3.99
4377,1639576707,734.0,0.0,0.0,3.964544,3.99
4378,1639576707,755.0,0.0,0.0,3.964544,3.99
4379,1639576707,646.0,0.0,0.0,3.964544,3.99
4380,1639576707,571.0,0.0,0.0,3.964544,3.99
4381,1639576707,565.0,0.0,0.0,3.964544,3.99
4382,1639576707,569.0,0.0,0.0,3.964544,3.99
4383,1639576707,565.0,0.0,0.0,3.964544,3.99
4384,1639576708,562.0,0.0,0.0,3.964544,3.99
4385,1639576708,555.0,0.0,0.0,3.964544,3.99
4386,1639576708,558.0,0.0,0.0,3.964544,3.99
4387,1639576708,567.0,0.0,0.0,3.964544,3.99
4388,1639576708,557.0,0.0,0.0,3.964544,4.68
4389,1639576708,555.0,0.0,0.0,3.964544,4.68
4390,1639576708,576.0,0.0,0.0,3.964544,4.68
4391,1639576708,587.0,0.0,0.0,4.660448,4.68
4392,1639576708,588.0,0.0,0.0,4.660448,4.68
4393,1639576708,587.0,0.0,0.0,4.660448,4.68
4394,1639576708,603.0,0.0,0.0,4.660448,4.68
4395,1639576708,606.0,0.0,0.0,4.660448,4.68
4396,1639576708,586.0,0.0,0.0,4.660448,4.68
4397,1639576708,591.0,0.0,0.0,4.660448,4.68
4398,1639576708,596.0,0.0,0.0,4.660448,4.68
4399,1639576709,584.0,0.0,0.0,4.660448,4.68
4400,1639576709,567.0,0.0,0.0,4.660448,4.68
4401,1639576709,568.0,0.0,0.0,4.660448,4.68
4402,1639576709,564.0,0.0,0.0,4.660448,4.68
4403,1639576709,554.0,0.0,0.0,4.660448,4.5
4404,1639576709,552.0,0.0,0.0,4.660448,4.5
4405,1639576709,562.0,0.0,0.0,4.660448,4.5
4406,1639576709,571.0,0.0,0.0,4.544464,4.5
4407,1639576709,560.0,0.0,0.0,4.544464,4.5
4408,1639576709,564.0,0.0,0.0,4.544464,4.5
4409,1639576709,564.0,0.0,0.0,4.544464,4.5
4410,1639576709,546.0,0.0,0.0,4.544464,4.5
4411,1639576709,569.0,0.0,0.0,4.544464,4.5
4412,1639576709,564.0,0.0,0.0,4.544464,4.5
4413,1639576709,557.0,0.0,0.0,4.544464,4.5
4414,1639576709,546.0,0.0,0.0,4.544464,4.5
4415,1639576710,550.0,0.0,0.0,4.544464,4.5
4416,1639576710,538.0,0.0,0.0,4.544464,4.5
4417,1639576710,536.0,0.0,0.0,4.544464,4.5
4418,1639576710,540.0,0.0,0.0,4.544464,4.5
4419,1639576710,522.0,0.0,0.0,4.544464,4.79
4420,1639576710,519.0,0.0,0.0,4.544464,4.79
4421,1639576710,516.0,0.0,0.0,4.544464,4.79
4422,1639576710,517.0,0.0,0.0,4.934592,4.79
4423,1639576710,529.0,0.0,0.0,4.934592,4.79
4424,1639576710,514.0,0.0,0.0,4.934592,4.79
4425,1639576710,508.0,0.0,0.0,4.934592,4.79
4426,1639576710,532.0,0.0,0.0,4.934592,4.79
4427,1639576710,523.0,0.0,0.0,4.934592,4.79
4428,1639576710,535.0,0.0,0.0,4.934592,4.79
4429,1639576710,536.0,0.0,0.0,4.934592,4.79
4430,1639576710,547.0,0.0,0.0,4.934592,4.79
4431,1639576711,556.0,0.0,0.0,4.934592,4.79
4432,1639576711,535.0,0.0,0.0,4.934592,4.79
4433,1639576711,547.0,0.0,0.0,4.934592,4.79
4434,1639576711,555.0,0.0,0.0,4.934592,4.79
4435,1639576711,537.0,0.0,0.0,4.934592,4.85
4436,1639576711,527.0,0.0,0.0,4.934592,4.85
4437,1639576711,519.0,0.0,0.0,4.818608,4.85
4438,1639576711,525.0,0.0,0.0,4.818608,4.85
4439,1639576711,544.0,0.0,0.0,4.818608,4.85
4440,1639576711,538.0,0.0,0.0,4.818608,4.85
4441,1639576711,543.0,0.0,0.0,4.818608,4.85
4442,1639576711,546.0,0.0,0.0,4.818608,4.85
4443,1639576711,550.0,0.0,0.0,4.818608,4.85
4444,1639576711,546.0,0.0,0.0,4.818608,4.85
4445,1639576711,576.0,0.0,0.0,4.818608,4.85
4446,1639576712,587.0,0.0,0.0,4.818608,4.85
4447,1639576712,579.0,0.0,0.0,4.818608,4.85
4448,1639576712,557.0,0.0,0.0,4.818608,4.85
4449,1639576712,561.0,0.0,0.0,4.818608,4.85
4450,1639576712,570.0,0.0,0.0,4.818608,4.85
4451,1639576712,576.0,0.0,0.0,4.818608,4.59
4452,1639576712,581.0,0.0,0.0,4.818608,4.59
4453,1639576712,605.0,0.0,0.0,4.818608,4.59
4454,1639576712,589.0,0.0,0.0,4.460112,4.59
4455,1639576712,602.0,0.0,0.0,4.460112,4.59
4456,1639576712,606.0,0.0,0.0,4.460112,4.59
4457,1639576712,613.0,0.0,0.0,4.460112,4.59
4458,1639576712,606.0,0.0,0.0,4.460112,4.59
4459,1639576712,598.0,0.0,0.0,4.460112,4.59
4460,1639576712,601.0,0.0,0.0,4.460112,4.59
4461,1639576712,592.0,0.0,0.0,4.460112,4.59
4462,1639576713,576.0,0.0,0.0,4.460112,4.59
4463,1639576713,570.0,0.0,0.0,4.460112,4.59
4464,1639576713,578.0,0.0,0.0,4.460112,4.59
4465,1639576713,569.0,0.0,0.0,4.460112,4.59
4466,1639576713,562.0,0.0,0.0,4.460112,4.43
4467,1639576713,573.0,0.0,0.0,4.460112,4.43
4468,1639576713,553.0,0.0,0.0,4.460112,4.43
4469,1639576713,553.0,0.0,0.0,4.660448,4.43
4470,1639576713,560.0,0.0,0.0,4.660448,4.43
4471,1639576713,552.0,0.0,0.0,4.660448,4.43
4472,1639576713,563.0,0.0,0.0,4.660448,4.43
4473,1639576713,555.0,0.0,0.0,4.660448,4.43
4474,1639576713,580.0,0.0,0.0,4.660448,4.43
4475,1639576713,584.0,0.0,0.0,4.660448,4.43
4476,1639576713,577.0,0.0,0.0,4.660448,4.43
4477,1639576714,590.0,0.0,0.0,4.660448,4.43
4478,1639576714,600.0,0.0,0.0,4.660448,4.43
4479,1639576714,606.0,0.0,0.0,4.660448,4.43
4480,1639576714,609.0,0.0,0.0,4.660448,4.43
4481,1639576714,609.0,0.0,0.0,4.660448,4.48
4482,1639576714,593.0,0.0,0.0,4.660448,4.48
4483,1639576714,583.0,0.0,0.0,4.660448,4.48
4484,1639576714,621.0,0.0,0.0,4.37576,4.48
4485,1639576714,614.0,0.0,0.0,4.37576,4.48
4486,1639576714,611.0,0.0,0.0,4.37576,4.48
4487,1639576714,604.0,0.0,0.0,4.37576,4.48
4488,1639576714,611.0,0.0,0.0,4.37576,4.48
4489,1639576714,612.0,0.0,0.0,4.37576,4.48
4490,1639576714,606.0,0.0,0.0,4.37576,4.48
4491,1639576714,611.0,0.0,0.0,4.37576,4.48
4492,1639576715,598.0,0.0,0.0,4.37576,4.48
4493,1639576715,575.0,0.0,0.0,4.37576,4.48
4494,1639576715,566.0,0.0,0.0,4.37576,4.48
4495,1639576715,576.0,0.0,0.0,4.37576,4.48
4496,1639576715,579.0,0.0,0.0,4.37576,4.39
4497,1639576715,566.0,0.0,0.0,4.37576,4.39
4498,1639576715,573.0,0.0,0.0,4.37576,4.39
4499,1639576715,567.0,0.0,0.0,4.502288,4.39
4500,1639576715,567.0,0.0,0.0,4.502288,4.39
4501,1639576715,561.0,0.0,0.0,4.502288,4.39
4502,1639576715,559.0,0.0,0.0,4.502288,4.39
4503,1639576715,564.0,0.0,0.0,4.502288,4.39
4504,1639576715,556.0,0.0,0.0,4.502288,4.39
4505,1639576715,582.0,0.0,0.0,4.502288,4.39
4506,1639576715,585.0,0.0,0.0,4.502288,4.39
4507,1639576716,568.0,0.0,0.0,4.502288,4.39
4508,1639576716,567.0,0.0,0.0,4.502288,4.39
4509,1639576716,575.0,0.0,0.0,4.502288,4.39
4510,1639576716,582.0,0.0,0.0,4.502288,4.39
4511,1639576716,570.0,0.0,0.0,4.502288,4.66
4512,1639576716,566.0,0.0,0.0,4.502288,4.66
4513,1639576716,561.0,0.0,0.0,4.607728,4.66
4514,1639576716,557.0,0.0,0.0,4.607728,4.66
4515,1639576716,567.0,0.0,0.0,4.607728,4.66
4516,1639576716,573.0,0.0,0.0,4.607728,4.66
4517,1639576716,560.0,0.0,0.0,4.607728,4.66
4518,1639576716,579.0,0.0,0.0,4.607728,4.66
4519,1639576716,582.0,0.0,0.0,4.607728,4.66
4520,1639576716,580.0,0.0,0.0,4.607728,4.66
4521,1639576716,567.0,0.0,0.0,4.607728,4.66
4522,1639576717,568.0,0.0,0.0,4.607728,4.66
4523,1639576717,576.0,0.0,0.0,4.607728,4.66
4524,1639576717,633.0,0.0,0.0,4.607728,4.66
4525,1639576717,695.0,0.0,0.0,4.607728,3.98
4526,1639576717,727.0,0.0,0.0,4.607728,3.98
4527,1639576717,745.0,0.0,0.0,4.607728,3.98
4528,1639576717,757.0,0.0,0.0,3.764208,3.98
4529,1639576717,758.0,0.0,0.0,3.764208,3.98
4530,1639576717,778.0,0.0,0.0,3.764208,3.98
4531,1639576717,784.0,0.0,0.0,3.764208,3.98
4532,1639576717,818.0,0.0,0.0,3.764208,3.98
4533,1639576717,822.0,0.0,0.0,3.764208,3.98
4534,1639576717,818.0,0.0,0.0,3.764208,3.98
4535,1639576717,831.0,0.0,0.0,3.764208,3.98
4536,1639576718,705.0,0.0,0.0,3.764208,3.98
4537,1639576718,631.0,0.0,0.0,3.764208,3.98
4538,1639576718,631.0,0.0,0.0,3.764208,3.98
4539,1639576718,634.0,0.0,0.0,3.764208,3.98
4540,1639576718,632.0,0.0,0.0,3.764208,3.87
4541,1639576718,596.0,0.0,0.0,3.764208,3.87
4542,1639576718,588.0,0.0,0.0,3.764208,3.87
4543,1639576718,586.0,0.0,0.0,4.228144,3.87
4544,1639576718,583.0,0.0,0.0,4.228144,3.87
4545,1639576718,582.0,0.0,0.0,4.228144,3.87
4546,1639576718,577.0,0.0,0.0,4.228144,3.87
4547,1639576718,559.0,0.0,0.0,4.228144,3.87
4548,1639576718,548.0,0.0,0.0,4.228144,3.87
4549,1639576718,534.0,0.0,0.0,4.228144,3.87
4550,1639576718,529.0,0.0,0.0,4.228144,3.87
4551,1639576719,519.0,0.0,0.0,4.228144,3.87
4552,1639576719,511.0,0.0,0.0,4.228144,3.87
4553,1639576719,500.0,0.0,0.0,4.228144,3.87
4554,1639576719,506.0,0.0,0.0,4.228144,3.87
4555,1639576719,488.0,0.0,0.0,4.228144,3.87
4556,1639576719,485.0,0.0,0.0,4.228144,5.01
4557,1639576719,478.0,0.0,0.0,4.228144,5.01
4558,1639576719,471.0,0.0,0.0,4.228144,5.01
4559,1639576719,459.0,0.0,0.0,4.228144,5.01
4560,1639576719,460.0,0.0,0.0,5.177104,5.01
4561,1639576719,473.0,0.0,0.0,5.177104,5.01
4562,1639576719,468.0,0.0,0.0,5.177104,5.01
4563,1639576719,463.0,0.0,0.0,5.177104,5.01
4564,1639576719,452.0,0.0,0.0,5.177104,5.01
4565,1639576719,465.0,0.0,0.0,5.177104,5.01
4566,1639576719,482.0,0.0,0.0,5.177104,5.01
4567,1639576720,474.0,0.0,0.0,5.177104,5.01
4568,1639576720,467.0,0.0,0.0,5.177104,5.01
4569,1639576720,463.0,0.0,0.0,5.177104,5.01
4570,1639576720,468.0,0.0,0.0,5.177104,5.01
4571,1639576720,440.0,0.0,0.0,5.177104,5.01
4572,1639576720,416.0,0.0,0.0,5.177104,5.69
4573,1639576720,413.0,0.0,0.0,5.177104,5.69
4574,1639576720,419.0,0.0,0.0,5.7992,5.69
4575,1639576720,418.0,0.0,0.0,5.7992,5.69
4576,1639576720,414.0,0.0,0.0,5.7992,5.69
4577,1639576720,426.0,0.0,0.0,5.7992,5.69
4578,1639576720,427.0,0.0,0.0,5.7992,5.69
4579,1639576720,420.0,0.0,0.0,5.7992,5.69
4580,1639576720,425.0,0.0,0.0,5.7992,5.69
4581,1639576720,394.0,0.0,0.0,5.7992,5.69
4582,1639576720,408.0,0.0,0.0,5.7992,5.69
4583,1639576721,401.0,0.0,0.0,5.7992,5.69
4584,1639576721,404.0,0.0,0.0,5.7992,5.69
4585,1639576721,403.0,0.0,0.0,5.7992,5.69
4586,1639576721,404.0,0.0,0.0,5.7992,5.69
4587,1639576721,406.0,0.0,0.0,5.7992,6.19
4588,1639576721,385.0,0.0,0.0,5.7992,6.19
4589,1639576721,416.0,0.0,0.0,5.7992,6.19
4590,1639576721,413.0,0.0,0.0,5.7992,6.19
4591,1639576721,410.0,0.0,0.0,6.37912,6.19
4592,1639576721,409.0,0.0,0.0,6.37912,6.19
4593,1639576721,403.0,0.0,0.0,6.37912,6.19
4594,1639576721,415.0,0.0,0.0,6.37912,6.19
4595,1639576721,417.0,0.0,0.0,6.37912,6.19
4596,1639576721,410.0,0.0,0.0,6.37912,6.19
4597,1639576721,417.0,0.0,0.0,6.37912,6.19
4598,1639576721,422.0,0.0,0.0,6.37912,6.19
4599,1639576722,403.0,0.0,0.0,6.37912,6.19
4600,1639576722,414.0,0.0,0.0,6.37912,6.19
4601,1639576722,408.0,0.0,0.0,6.37912,6.19
4602,1639576722,398.0,0.0,0.0,6.37912,6.19
4603,1639576722,397.0,0.0,0.0,6.37912,6.19
4604,1639576722,389.0,0.0,0.0,6.37912,6.35
4605,1639576722,393.0,0.0,0.0,6.37912,6.35
4606,1639576722,400.0,0.0,0.0,6.37912,6.35
4607,1639576722,390.0,0.0,0.0,6.252592,6.35
4608,1639576722,379.0,0.0,0.0,6.252592,6.35
4609,1639576722,396.0,0.0,0.0,6.252592,6.35
4610,1639576722,388.0,0.0,0.0,6.252592,6.35
4611,1639576722,397.0,0.0,0.0,6.252592,6.35
4612,1639576722,396.0,0.0,0.0,6.252592,6.35
4613,1639576722,374.0,0.0,0.0,6.252592,6.35
4614,1639576722,384.0,0.0,0.0,6.252592,6.35
4615,1639576722,389.0,0.0,0.0,6.252592,6.35
4616,1639576723,392.0,0.0,0.0,6.252592,6.35
4617,1639576723,387.0,0.0,0.0,6.252592,6.35
4618,1639576723,380.0,0.0,0.0,6.252592,6.35
4619,1639576723,386.0,0.0,0.0,6.252592,6.35
4620,1639576723,400.0,0.0,0.0,6.252592,6.35
4621,1639576723,381.0,0.0,0.0,6.252592,6.52
4622,1639576723,377.0,0.0,0.0,6.252592,6.52
4623,1639576723,375.0,0.0,0.0,6.252592,6.52
4624,1639576723,364.0,0.0,0.0,6.69544,6.52
4625,1639576723,363.0,0.0,0.0,6.69544,6.52
4626,1639576723,378.0,0.0,0.0,6.69544,6.52
4627,1639576723,375.0,0.0,0.0,6.69544,6.52
4628,1639576723,362.0,0.0,0.0,6.69544,6.52
4629,1639576723,369.0,0.0,0.0,6.69544,6.52
4630,1639576723,368.0,0.0,0.0,6.69544,6.52
4631,1639576723,372.0,0.0,0.0,6.69544,6.52
4632,1639576723,368.0,0.0,0.0,6.69544,6.52
4633,1639576724,372.0,0.0,0.0,6.69544,6.52
4634,1639576724,366.0,0.0,0.0,6.69544,6.52
4635,1639576724,362.0,0.0,0.0,6.69544,6.52
4636,1639576724,360.0,0.0,0.0,6.69544,6.52
4637,1639576724,379.0,0.0,0.0,6.69544,6.52
4638,1639576724,365.0,0.0,0.0,6.69544,6.89
4639,1639576724,351.0,0.0,0.0,6.69544,6.89
4640,1639576724,367.0,0.0,0.0,6.69544,6.89
4641,1639576724,372.0,0.0,0.0,6.843056,6.89
4642,1639576724,368.0,0.0,0.0,6.843056,6.89
4643,1639576724,393.0,0.0,0.0,6.843056,6.89
4644,1639576724,374.0,0.0,0.0,6.843056,6.89
4645,1639576724,390.0,0.0,0.0,6.843056,6.89
4646,1639576724,377.0,0.0,0.0,6.843056,6.89
4647,1639576724,373.0,0.0,0.0,6.843056,6.89
4648,1639576724,361.0,0.0,0.0,6.843056,6.89
4649,1639576724,378.0,0.0,0.0,6.843056,6.89
4650,1639576725,376.0,0.0,0.0,6.843056,6.89
4651,1639576725,353.0,0.0,0.0,6.843056,6.89
4652,1639576725,358.0,0.0,0.0,6.843056,6.89
4653,1639576725,355.0,0.0,0.0,6.843056,6.89
4654,1639576725,375.0,0.0,0.0,6.843056,6.89
4655,1639576725,385.0,0.0,0.0,6.843056,6.89
4656,1639576725,382.0,0.0,0.0,6.843056,6.68
4657,1639576725,377.0,0.0,0.0,6.843056,6.68
4658,1639576725,392.0,0.0,0.0,6.843056,6.68
4659,1639576725,404.0,0.0,0.0,6.790336,6.68
4660,1639576725,400.0,0.0,0.0,6.790336,6.68
4661,1639576725,392.0,0.0,0.0,6.790336,6.68
4662,1639576725,380.0,0.0,0.0,6.790336,6.68
4663,1639576725,379.0,0.0,0.0,6.790336,6.68
4664,1639576725,391.0,0.0,0.0,6.790336,6.68
4665,1639576725,358.0,0.0,0.0,6.790336,6.68
4666,1639576725,367.0,0.0,0.0,6.790336,6.68
4667,1639576726,352.0,0.0,0.0,6.790336,6.68
4668,1639576726,372.0,0.0,0.0,6.790336,6.68
4669,1639576726,365.0,0.0,0.0,6.790336,6.68
4670,1639576726,358.0,0.0,0.0,6.790336,6.68
4671,1639576726,362.0,0.0,0.0,6.790336,6.68
4672,1639576726,370.0,0.0,0.0,6.790336,6.82
4673,1639576726,387.0,0.0,0.0,6.790336,6.82
4674,1639576726,378.0,0.0,0.0,6.790336,6.82
4675,1639576726,371.0,0.0,0.0,6.790336,6.82
4676,1639576726,370.0,0.0,0.0,6.8536,6.82
4677,1639576726,359.0,0.0,0.0,6.8536,6.82
4678,1639576726,362.0,0.0,0.0,6.8536,6.82
4679,1639576726,365.0,0.0,0.0,6.8536,6.82
4680,1639576726,361.0,0.0,0.0,6.8536,6.82
4681,1639576726,359.0,0.0,0.0,6.8536,6.82
4682,1639576726,361.0,0.0,0.0,6.8536,6.82
4683,1639576726,367.0,0.0,0.0,6.8536,6.82
4684,1639576727,362.0,0.0,0.0,6.8536,6.82
4685,1639576727,369.0,0.0,0.0,6.8536,6.82
4686,1639576727,370.0,0.0,0.0,6.8536,6.82
4687,1639576727,355.0,0.0,0.0,6.8536,6.82
4688,1639576727,341.0,0.0,0.0,6.8536,6.82
4689,1639576727,361.0,0.0,0.0,6.8536,7.11
4690,1639576727,362.0,0.0,0.0,6.8536,7.11
4691,1639576727,444.0,0.0,0.0,6.8536,7.11
4692,1639576727,455.0,0.0,0.0,6.95904,7.11
4693,1639576727,505.0,0.0,0.0,6.95904,7.11
4694,1639576727,561.0,0.0,0.0,6.95904,7.11
4695,1639576727,567.0,0.0,0.0,6.95904,7.11
4696,1639576727,568.0,0.0,0.0,6.95904,7.11
4697,1639576727,595.0,0.0,0.0,6.95904,7.11
4698,1639576727,611.0,0.0,0.0,6.95904,7.11
4699,1639576728,631.0,0.0,0.0,6.95904,7.11
4700,1639576728,626.0,0.0,0.0,6.95904,7.11
4701,1639576728,409.0,0.0,0.0,6.95904,7.11
4702,1639576728,427.0,0.0,0.0,6.95904,7.11
4703,1639576728,434.0,0.0,0.0,6.95904,7.11
4704,1639576728,437.0,0.0,0.0,6.95904,4.97
4705,1639576728,436.0,0.0,0.0,6.95904,4.97
4706,1639576728,438.0,0.0,0.0,6.95904,4.97
4707,1639576728,435.0,0.0,0.0,5.177104,4.97
4708,1639576728,440.0,0.0,0.0,5.177104,4.97
4709,1639576728,423.0,0.0,0.0,5.177104,4.97
4710,1639576728,410.0,0.0,0.0,5.177104,4.97
4711,1639576728,389.0,0.0,0.0,5.177104,4.97
4712,1639576728,368.0,0.0,0.0,5.177104,4.97
4713,1639576728,352.0,0.0,0.0,5.177104,4.97
4714,1639576728,343.0,0.0,0.0,5.177104,4.97
4715,1639576728,317.0,0.0,0.0,5.177104,4.97
4716,1639576729,317.0,0.0,0.0,5.177104,4.97
4717,1639576729,325.0,0.0,0.0,5.177104,4.97
4718,1639576729,319.0,0.0,0.0,5.177104,4.97
4719,1639576729,308.0,0.0,0.0,5.177104,4.97
4720,1639576729,313.0,0.0,0.0,5.177104,4.97
4721,1639576729,292.0,0.0,0.0,5.177104,7.46
4722,1639576729,294.0,0.0,0.0,5.177104,7.46
4723,1639576729,285.0,0.0,0.0,5.177104,7.46
4724,1639576729,283.0,0.0,0.0,5.177104,7.46
